# Scenario generation method from a paper by Hoyland, Kaut & Wallace
# Code by Michal Kaut (michal.kaut@iot.ntnu.n) & Diego Mathieu

#   prob   var  1   var  2   var  3   var  4   var  5   var  6   var  7   var  8   var  9   var 10   var 11   var 12   var 13   var 14   var 15   var 16   var 17   var 18   var 19   var 20   var 21   var 22   var 23   var 24   var 25   var 26   var 27   var 28   var 29   var 30   var 31   var 32   var 33   var 34   var 35   var 36   var 37   var 38   var 39   var 40   var 41   var 42   var 43   var 44   var 45   var 46   var 47   var 48   var 49   var 50   var 51   var 52   var 53   var 54   var 55   var 56   var 57   var 58   var 59   var 60   var 61   var 62   var 63   var 64   var 65   var 66   var 67   var 68   var 69   var 70   var 71   var 72   var 73   var 74   var 75   var 76   var 77   var 78   var 79   var 80   var 81   var 82   var 83   var 84   var 85   var 86   var 87   var 88   var 89   var 90   var 91   var 92
0.010000 363.01553 174.02549 393.30119 390.01359 220.25061 328.33329 200.23001 188.88323 394.89904 238.33779 3401.72802 3032.02197 3774.18495 3268.63508 154.36235 115.29613 3611.40851 3284.97743 3897.61370 3799.05747 120.15875 63.91430 2734.18138 2552.28357 3233.74504 2773.57161 166.83599 116.53817 2845.15381 3895.78913 3284.88125 3138.78604 68.97538 81.83036 3013.18475 2846.73008 2905.71489 3562.48788 116.20542 121.50192 2261.04981 3374.03517 2869.31359 3101.80233 111.83481 44.43548 2697.45433 3953.45821 3815.45937 3778.32324 126.50472 121.80373 3413.88651 2484.71065 2616.60144 3147.94870 173.15101 199.89428 3008.23015 2752.53808 4046.21946 2516.69855 91.43671 153.15637 3096.38109 3015.11698 3003.92936 3675.52606 112.31432 113.17289 3045.96510 2709.85328 3277.08443 3031.83737 78.76532 105.14230 2600.78610 2915.53658 3243.09884 3540.99009 193.49129 177.66267 105.81668 129.85706 116.26808 76.04333 130.15987 164.10685 65.82956 72.91581 90.41276 233.05272
0.010000 195.69101 80.38285 154.28426 113.17286 73.99922 198.95442 93.94359 69.25717 210.92765 77.09677 1388.37511 904.49680 1136.80887 1367.65333 70.02709 93.54952 1020.36685 1049.75634 842.35359 1367.34462 38.61633 21.99166 1527.76977 1391.27468 1645.24029 845.73048 76.34232 29.34665 1755.30016 1144.96748 1097.85477 1568.77238 22.32218 23.03423 758.78661 967.89005 1069.87874 979.44251 71.19020 41.89229 1668.02950 1946.28931 2089.35479 1434.41323 57.63196 26.87130 1804.52642 835.70556 1630.47729 1412.87374 39.75172 12.38930 2085.89356 867.02455 627.60159 1664.54441 63.67796 46.97764 1695.92785 1984.53083 1556.27350 934.51331 32.58069 95.09079 1965.76484 861.13596 373.62104 1931.78283 79.65103 36.64103 1493.82762 1771.18104 1155.84348 1062.01680 19.10442 38.26996 1354.91768 2099.81787 1064.67384 1245.93794 94.98338 38.21030 80.92676 55.06855 34.98778 33.34340 67.57135 81.02786 32.61519 23.18632 41.44254 75.70652
0.010000 358.98447 264.93428 508.87554 611.62484 288.21751 551.43410 273.52226 295.45133 671.34485 507.06996 4154.44373 3640.27974 4269.57073 3754.64907 159.64098 166.47378 4208.37567 3684.87063 4695.26693 4603.48441 178.40440 62.08885 3940.58575 4979.26569 4301.54198 3846.54284 234.20127 136.50444 3362.89385 4269.49471 3826.98864 4268.03923 59.27570 112.04971 3710.06033 3180.70904 4569.99269 3501.80758 175.99591 165.95098 3434.86074 4193.79591 3893.81654 3613.11405 159.36298 81.21938 4216.97283 3399.60631 4057.66439 4080.23768 180.09388 193.73701 4479.61602 4236.01422 4029.29635 4299.20231 272.06246 234.57678 4767.77195 4486.64374 4380.36254 3823.46024 126.43367 207.41716 4230.63375 3954.85367 4039.91951 4397.18947 132.62553 144.91268 4510.63733 4378.25468 3883.55339 4195.91502 100.54520 139.23047 4671.35702 4334.64158 3374.39599 3530.02143 214.03005 232.00620 135.81918 168.32929 187.65901 96.01887 233.40443 233.42837 83.55283 75.17229 90.49454 248.97914
0.010000 235.74493 65.74956 94.18834 214.96190 64.01102 242.64097 136.23254 84.14890 270.21764 205.83118 2144.38497 1865.03735 1749.78120 1746.81660 73.62181 50.44290 1724.97915 1556.42488 2225.31167 1410.59147 58.35262 33.38287 1535.20654 1919.15506 1624.00038 1212.04965 121.11769 88.52780 1933.42560 1861.15008 2590.03899 1679.04983 28.21212 42.92659 1245.37148 1825.57008 2199.17079 2218.16547 72.39107 68.43741 2103.54162 1731.02517 1604.26073 1004.41132 85.60068 34.41328 2196.79890 1175.24258 2032.87864 1789.71113 39.72955 77.42625 1912.35731 2156.69183 1048.29217 1770.49919 125.74357 68.76915 2196.15296 1858.44783 1360.28807 2089.92591 30.53072 43.58931 1726.93578 2110.09384 2117.24111 1696.11955 51.12271 63.33278 1443.23491 1667.47354 1351.09401 1701.51621 29.57012 60.76872 2132.69326 1441.53537 1259.16206 2547.41733 81.12173 128.47723 75.75244 75.52773 40.57707 49.79585 95.73901 76.16853 47.37936 43.31271 48.28289 63.94818
0.010000 182.47015 155.20291 230.06273 272.31849 165.25710 346.48230 138.44809 164.96183 436.29710 275.47603 1592.94191 2540.07374 1942.51100 1755.53085 59.40298 78.91737 2711.30381 2068.22843 1862.80295 2202.67899 79.70311 46.63975 1795.81673 1695.48715 1693.04445 1746.56754 131.76408 102.40640 2411.30649 1449.23828 2031.34376 1754.50201 43.36384 57.09201 2109.27691 2447.82820 2004.72221 2406.32810 64.17643 97.27767 2444.02135 2746.93175 2062.49518 1762.50122 89.30466 43.74275 2323.53139 1365.69244 2503.66089 1646.84443 85.44340 111.82000 1400.98870 1448.61427 1351.57671 1785.74111 122.30465 147.34246 2791.99931 1323.31581 2350.58638 2114.84967 55.22586 86.02342 2442.98155 1630.72494 1766.98287 1672.07509 105.29340 53.08835 2433.99130 2064.01640 2519.90586 2454.02828 37.64965 63.24426 2284.45238 2462.70352 2098.89651 1587.76376 113.15343 134.88861 73.00326 70.79436 106.53468 49.71807 55.41802 92.98438 35.39713 36.81402 65.94809 132.45382
0.010000 539.52985 289.72629 627.76096 725.43080 387.04765 652.50375 398.76650 335.06335 713.25236 614.98013 4337.41209 5274.02255 5399.35486 5228.16216 210.48275 270.08056 4963.46922 4894.25338 5242.35320 4960.39966 225.25004 96.75552 5105.16660 4768.83548 5455.46563 5739.55636 299.30538 198.25802 5288.72712 5753.24977 5535.37578 5404.51178 86.57943 117.00314 5772.39118 5200.78419 4469.21306 5382.59691 203.06828 210.07459 5980.84095 4660.71622 4920.20532 5606.79824 204.40509 100.78520 5217.02226 4985.14633 4510.16512 5822.85276 190.62737 259.79125 6026.47186 5418.73472 5882.54031 4819.22170 321.72118 292.13333 5216.08561 5704.34197 5304.03355 5221.16483 156.49222 234.72984 5182.78826 4361.84914 5669.09297 5892.90611 224.06222 164.43120 5205.77018 4722.08705 5601.67741 5024.86181 112.77142 179.15262 5703.97596 5596.70324 5486.20481 5129.88872 321.28457 261.50628 174.53280 223.42167 205.98528 137.47023 218.29459 314.55349 115.37849 107.92314 137.27613 276.83978
0.010000 274.63962 183.26946 426.29193 371.86966 176.97070 393.56168 209.70421 175.71052 368.58536 279.42602 3680.31592 2665.48387 3539.69764 3194.57994 102.93921 115.15588 2123.14578 2584.65764 1770.91417 2273.47330 109.49562 42.35220 3106.52373 3214.72270 2934.95431 2546.39920 145.21325 86.98531 2399.70327 3238.54009 2661.68166 2731.02676 51.84354 71.13900 2264.83115 3094.09448 2654.37728 1725.59899 100.46028 110.54238 3316.40376 3157.29630 2184.05341 2038.06327 96.60107 44.12003 2545.09092 2780.96512 2182.91473 3027.97457 77.05401 131.70044 2400.90800 2788.28404 2981.69662 2305.18882 151.14868 174.98941 2449.74216 2024.95277 2397.14200 2505.89494 72.05221 123.90998 3213.14160 2132.29110 2589.45757 2192.17038 106.21020 91.67933 2741.78757 3024.93244 2169.39305 2710.82860 39.30415 92.48803 1890.28735 1893.43847 2142.41861 1617.64637 175.70672 130.40762 88.83707 112.24957 98.09112 66.30413 114.71172 176.88403 64.12452 60.29723 78.06028 142.35242
0.010000 456.62634 220.72724 473.73071 496.53517 259.45986 558.50265 297.75031 284.74047 607.91549 492.03961 3892.92323 4396.07796 4446.88433 3596.32056 161.43132 165.63442 4471.04812 4566.35317 3341.65546 4725.11256 153.77362 72.90683 4067.52553 4246.73914 3424.49806 4840.89637 218.15360 100.30397 3851.88986 4474.25642 4561.76718 3863.15293 61.33877 75.87038 3912.69451 4443.95648 5026.52424 3987.99333 136.93810 166.33626 4402.55635 3859.60638 4777.84147 4202.01775 140.27689 71.79261 4542.22001 4494.76114 4422.08924 4398.26458 145.61947 179.67832 3326.44083 4734.50213 4332.44435 3501.00756 194.29244 221.21762 4611.41884 4832.79707 4055.02984 4035.53866 122.06826 204.88531 4005.03805 4005.44503 4134.70061 4145.24249 152.62831 130.24622 3975.78795 4575.50523 3665.36933 4596.09940 96.81589 143.25122 3660.83157 4790.41587 4502.21249 3789.59191 269.68908 254.40953 153.87629 156.97460 180.42107 116.46101 207.29221 220.66895 93.93385 74.59088 126.03211 284.70577
0.010000 318.11079 150.49762 276.95111 452.33953 136.03398 316.02917 171.67857 236.92070 490.62061 372.62504 2441.37756 2132.26019 2790.85001 3251.14640 98.64911 133.27260 2895.84637 2709.74317 2829.43069 2932.12639 110.24465 47.43894 3425.84236 2959.21508 2323.50709 2777.00826 171.39525 91.73163 2604.30331 3196.86625 2647.97519 2692.52558 41.71622 57.76845 2650.63387 2206.70427 2487.36421 3615.67393 88.47270 127.00873 2108.19179 3023.91348 2491.71074 2836.78462 77.93668 51.53141 1818.81617 2013.79650 3041.41830 2873.66153 66.23347 108.79477 3202.05532 3254.11188 3104.81665 2367.46085 140.86904 138.54193 2388.60676 1861.38834 2218.70840 2231.30441 81.84059 144.86069 1975.73191 2912.29049 2901.69848 3306.11401 132.72392 57.55525 3439.60595 2941.17600 2696.68204 2220.12576 59.38186 79.48275 2634.76637 2356.04517 2232.83486 2629.23836 183.50847 116.08852 96.37910 98.40361 86.67574 62.88074 140.24392 125.20887 45.37642 40.89209 89.90887 171.87313
0.010000 447.36038 162.81424 348.52520 402.47983 180.57693 412.47179 125.11348 208.86500 425.44814 373.52320 3109.43823 3009.30362 3545.43779 3497.42969 124.50430 168.02190 2727.27010 3191.06656 2774.73046 3296.35407 144.99726 47.47145 2944.49494 3483.28159 2935.83162 2402.55797 171.20735 97.54448 2396.43261 2557.27875 2431.79497 2819.80329 62.82618 65.80154 2733.02196 3932.01873 2901.98368 3047.05418 77.10912 130.52932 2523.08286 3014.93290 2711.30792 2891.86185 124.33072 50.65032 3332.77811 2978.09550 3157.36260 2763.75232 118.45205 159.30226 2840.51111 3655.99623 3216.37722 3388.43681 169.85750 203.00160 3479.03473 3537.18429 3440.85981 3420.90570 98.88709 125.27742 2816.90012 3005.37543 3076.19104 4321.29588 133.04273 94.33321 3179.48599 3005.37519 2730.45857 2806.63087 59.40276 91.29152 3406.28467 3661.45396 3337.14216 2880.29081 182.64480 182.61176 103.27308 111.90959 111.19950 63.89669 167.02239 210.06160 56.70525 74.64336 62.74936 183.55926
0.010000 240.91362 100.52902 238.24128 143.39314 168.26959 234.96433 122.66293 142.08959 300.92262 303.60311 1844.49675 1220.03385 1338.16018 1934.41163 83.96933 78.31302 1732.76881 1759.87413 1957.59719 2037.00951 102.04405 22.12777 2112.74036 1340.11552 1919.33339 2216.16599 59.69352 56.65849 1654.94064 1394.93261 1702.43921 2917.29235 37.17365 57.51959 1925.59981 1616.43180 1582.85466 1401.31528 79.28020 69.69029 2223.55738 2118.90715 2005.77086 1912.84551 65.07150 27.82370 1936.64544 1234.29387 1814.69033 1761.56232 80.80869 68.16959 1839.35143 2149.15638 1598.84170 1807.90840 82.34488 126.06133 1070.49225 2071.94662 1408.41694 2878.55490 44.95733 104.91883 1260.23128 1716.05225 1661.82841 1693.64529 58.28519 49.12432 802.17261 1283.57375 1483.39099 2325.68494 51.52401 59.88285 1718.96732 1355.68600 1572.67528 1607.41049 82.44097 120.46196 74.63720 82.38179 33.21809 35.09284 72.65949 74.11948 33.67076 27.17532 62.07391 138.89510
0.010000 383.27380 147.82123 405.02483 480.72077 220.04614 434.43025 266.56568 218.91696 488.90158 388.23493 3741.96277 3257.73736 2772.71446 3041.85319 124.96361 136.31163 2826.20866 2720.48937 3619.75388 3236.15950 183.79242 53.40642 3403.48644 3616.98791 4005.33302 2715.84962 138.18633 126.22859 3072.31681 3424.04066 3542.05910 2382.82378 59.75629 80.55501 2655.20241 3426.01359 3063.49399 4307.65748 110.60801 147.70852 3930.14101 3147.19653 3665.43789 3526.06508 107.40932 61.28663 3675.18777 2736.07279 3333.35654 3849.34974 150.41893 138.86972 3974.46093 3010.57502 3850.79601 3239.96179 176.18096 179.30631 3296.42246 3141.24420 4008.61827 2990.90664 98.59775 177.23280 2947.72995 3812.93795 3201.33120 2532.74650 134.08655 100.12603 3442.82248 3663.52275 2102.67880 4085.86285 60.53722 117.30040 3080.60456 4243.12175 3776.74216 3582.63773 173.32355 149.39274 91.40050 125.34677 144.94204 83.94631 188.74402 208.09389 66.77448 67.07202 99.57086 207.99839
0.010000 520.06323 311.11904 562.23948 590.79374 308.59083 589.18997 357.08250 263.16958 737.24120 502.79141 4777.05940 5029.81419 4897.43993 5115.75826 164.06713 239.47561 4360.20449 5114.09235 4187.94239 4617.34723 236.41074 82.48154 5882.16076 5121.97560 5598.42528 4456.24844 249.72205 176.15390 4469.52558 4652.30698 3975.08669 4812.23084 64.05616 112.68061 5221.54586 4631.77929 5875.62711 5433.08092 180.82989 200.14161 4721.12403 5265.88088 5438.33447 4499.28276 172.07100 79.93895 5012.31844 4895.00854 4831.36665 5122.14146 191.67837 205.02760 4487.15015 5094.53022 4577.11689 4751.86432 275.86772 263.90007 4501.26165 5302.37863 4802.86506 4240.46845 134.53892 223.04893 4889.10475 4748.38180 5347.41832 5092.27198 191.78663 157.50120 5718.05972 4434.59030 5261.90609 5009.97679 96.67093 158.34301 5142.26467 5230.35368 4884.63565 5324.61337 258.75325 291.53528 155.76352 201.76144 189.89803 94.71392 187.31647 269.22231 90.97219 108.44973 152.49253 334.83399
0.010000 532.78741 325.34835 599.33640 617.68054 354.90976 665.67704 358.11288 302.77565 712.84828 532.39873 5455.34488 4627.62137 5213.78023 4457.86468 195.56087 244.73402 5288.05251 4472.69461 4921.78366 4075.71602 175.70165 86.67082 4903.05793 4732.74359 5112.83913 4035.66962 305.44291 142.67837 5212.09736 5781.24193 5076.70600 5380.64408 81.87816 109.82579 5011.43114 4737.07464 3979.61854 5108.42767 147.34880 210.34339 5062.43778 4507.27457 5324.25981 4644.72390 169.67022 80.96206 5366.61839 5048.93386 5124.40274 4178.90885 187.14686 236.87315 4909.54560 5369.54083 5008.98040 4832.01151 291.65629 279.35818 5528.29238 5163.10701 4858.44535 4500.51586 132.61394 222.77274 4897.73691 4456.03189 5845.68149 4328.09240 189.51220 148.20293 4589.69569 5104.38137 4155.91990 5442.08002 108.69906 149.45778 5227.92281 4591.12857 5315.98696 5510.63576 272.27233 235.38823 172.98806 193.77266 195.00088 98.34140 272.00024 243.10894 73.24790 97.80063 143.88325 304.82088
0.010000 375.14132 171.46463 494.22177 417.98023 207.21638 525.53447 318.24690 296.60453 557.69020 334.47876 3635.55879 3408.82595 3486.43472 4015.69895 128.10556 172.99020 4042.35780 3788.64675 4616.53098 3546.62164 166.72222 74.53988 4332.30916 3369.02206 3232.01183 3291.29825 207.53100 126.06188 3380.29641 3369.52140 3463.02493 4064.55537 70.98562 100.00967 3964.70552 3149.71765 3698.45561 3025.60337 129.99246 143.91302 4469.89583 3496.65015 3854.69503 3928.86220 119.54354 61.69670 4193.00126 3728.76010 3515.38953 3855.79997 105.97321 170.45231 3404.69095 2898.47573 3470.26932 3812.82635 224.84394 177.69606 4159.22453 4210.39257 2802.80926 2815.66678 120.76539 180.17062 3941.86498 3913.80812 3973.22712 4108.67504 134.80461 106.67188 4251.76082 3438.44562 3482.03262 4093.45532 74.23869 115.42406 3377.34015 3918.77259 3909.52170 3336.73356 231.00632 223.81675 93.15061 151.09278 132.68212 79.99041 199.58099 217.12246 61.88270 67.98805 89.56493 228.55055
0.010000 288.11540 145.52000 303.47127 365.05184 164.43110 403.21355 240.28664 151.92439 504.87641 257.73752 2050.49250 1727.41413 3079.10532 2170.20726 104.36051 133.30415 3444.56288 2515.26089 2726.18059 2927.07342 145.07673 49.13089 2385.28593 3112.13645 3482.57599 3165.26394 100.99597 99.36097 3562.04550 3342.29783 2816.61864 3422.12569 40.39113 80.25573 2793.06078 3006.60475 2320.50476 2972.14529 85.93405 103.68169 2785.64678 2695.27873 2813.95084 2511.99640 95.53467 46.31272 2742.44356 2737.33092 3060.65335 2665.85402 83.89227 94.89386 2300.48413 3279.30792 2341.84502 2975.38491 116.93109 169.60674 2785.54722 2852.78215 2693.85373 2322.60246 61.37290 142.26853 2381.36484 2010.70570 2970.33625 2306.71915 121.11816 76.86211 3233.96632 2597.65722 3056.25767 2344.42583 60.17010 108.81838 2585.72348 2770.61086 2646.06779 2809.40419 182.40028 169.92565 76.30683 88.19333 131.05552 70.46047 169.02012 167.00896 57.53270 64.19940 50.96194 155.43028
0.010000 429.48889 219.67526 493.62860 564.80660 245.16047 429.74653 209.09054 247.58313 411.69772 360.47048 3673.46990 3403.11211 3665.61177 3117.70106 118.12331 159.59089 4399.84382 3151.75274 2932.78222 3848.99278 150.50094 60.61283 3988.82573 3415.45599 3952.77967 3749.19715 161.12307 138.57013 3602.58607 3240.16653 3497.82622 3239.35944 48.94095 73.64085 3686.24069 3711.85896 3911.12106 3067.64392 125.96669 155.68100 3895.31014 4426.85076 3216.30963 2966.27153 153.73421 61.94330 3198.91248 3659.63625 4489.64760 3841.36711 103.18818 156.23555 3807.58720 2633.54449 3779.45593 3366.07020 210.82621 192.47655 3308.11045 3696.05237 3213.02781 3572.86662 86.63913 170.04804 3412.27834 3848.27702 3582.62987 3505.86264 104.37293 89.86953 3372.62676 3729.02999 4127.07995 4232.26244 71.20988 115.99992 4088.15142 3706.64527 4446.63954 3578.82923 213.04544 155.71293 129.27593 143.61908 123.68574 94.73881 208.65955 174.50354 59.38236 76.31243 75.34518 215.10665
0.010000 301.17970 211.62572 336.40192 448.08989 219.12798 505.22735 272.00870 219.03021 445.31184 433.25234 3810.16660 3326.02372 3294.73380 3706.42062 124.34194 180.08757 3206.19970 3684.42690 4703.44250 3937.05768 129.97967 51.10347 4004.09920 2861.82669 3578.53717 3427.58646 210.31838 102.04542 3902.01059 3052.99710 2527.73328 4197.28506 58.79780 78.60089 4237.18257 3916.50357 3621.45453 3135.17906 133.31683 177.74586 3734.66154 3277.19392 3685.74839 2799.81279 121.12125 51.03976 2787.70279 2827.52889 3506.06941 4189.89209 135.70540 167.71009 3518.51986 3982.99767 2772.35956 3639.03025 207.59586 195.17555 3689.80977 3165.29680 4349.89612 3693.38064 92.24197 182.19281 3075.09763 3725.70164 3455.32365 2913.65377 131.82795 106.09217 3511.48627 4028.62057 3503.55968 3062.71797 60.24806 107.32281 2972.83407 3878.25973 3906.63234 3719.24597 257.89464 188.30959 125.07712 147.62347 161.56119 96.38422 182.73512 207.16542 66.18361 87.50686 89.92513 214.15338
0.010000 476.02048 222.59603 383.82568 366.91208 201.49003 477.15601 307.22398 242.19056 456.80525 429.84358 3365.06682 3879.47761 3068.64661 3485.05333 119.03068 166.72386 3878.70576 3951.64631 4177.87284 3307.70437 166.28436 43.45519 3153.39286 3133.44954 4070.78304 3037.83263 163.88949 97.59743 3430.99793 3783.59762 3407.31593 3389.97826 54.56980 86.41897 3308.85459 4277.16567 3496.52418 3207.09368 133.68899 137.97556 2438.23867 3626.00203 3571.43002 3769.06408 110.44301 63.26243 3291.42341 3629.17958 4055.85831 3219.03339 111.29958 170.58361 4287.26677 2615.53306 3799.13435 2768.91728 207.51208 155.50059 3528.70514 3201.54482 3341.29444 3754.23412 105.97154 160.63698 3917.15046 2744.68815 3590.39907 3394.47811 159.86751 120.50434 3353.74814 3507.71566 3387.01136 4019.21822 67.98122 121.21445 4341.54539 3014.31591 3045.71427 3537.89170 213.00832 176.12516 126.16363 123.92269 169.43498 95.97554 135.20973 191.17156 64.77727 70.85565 91.74595 227.40620
0.010000 496.94033 232.90898 387.86519 633.03289 272.11712 485.06674 262.37373 238.40761 647.24313 351.91516 4166.79940 4415.02371 3957.81269 4210.21202 172.04991 183.94657 3523.87422 3845.74012 3720.17082 4699.07621 184.52282 68.64544 3560.93857 3518.09176 4113.50789 4558.96939 218.24449 117.98976 3837.69873 3672.77786 3644.65010 4228.35573 69.62978 93.34839 4493.89833 4330.44841 3520.57349 4164.53735 145.11963 176.90545 4532.74195 3628.94375 3957.25047 4750.61023 126.98007 89.33155 4349.72693 3909.32309 4147.18082 3650.88183 142.35279 166.66344 3620.64777 4411.25519 3921.34574 4079.80935 263.65487 258.36362 3820.78059 3514.99830 4610.75315 3580.72723 107.81877 217.18426 4433.17446 4145.42333 3795.45787 3422.07612 143.95126 117.19350 4906.70235 4516.62130 3900.31363 5115.81273 81.73809 144.24622 4637.27907 3504.09410 3658.17183 4258.98416 259.52308 243.59163 140.00025 167.59052 132.28423 94.81408 179.40334 228.58765 75.46741 74.82960 96.03099 226.26264
0.010000 403.88921 194.85544 307.52236 428.49668 206.54555 365.67552 248.12155 195.25936 581.87356 398.17002 4136.32250 4094.78841 3232.95231 3837.90831 118.87035 165.00714 4015.88539 2759.10416 3592.67423 3312.40494 129.78156 63.40561 3233.07692 3215.18490 2837.95570 3448.94966 120.26811 124.92668 2411.28730 3831.95825 2450.53031 3463.33656 46.92540 75.91172 3367.21852 2778.62765 3184.80804 3756.20401 113.26007 111.66667 3816.24676 3236.80208 3938.01581 3032.53202 137.84053 59.52705 3214.03404 3325.46093 3332.90571 2700.09027 120.73651 165.47559 3331.38236 3693.87081 3785.32154 3672.48907 170.32614 155.67662 3043.68710 3060.54972 3561.17871 3908.23843 101.73983 186.52367 4417.45856 2969.30910 3343.72062 2969.20388 128.30409 131.77244 3660.36035 2744.82484 3393.00538 2836.24556 60.77155 94.53838 2984.72151 3087.27988 3883.33699 3145.10585 220.85326 165.89419 112.31863 158.91074 130.58491 80.52683 191.23980 154.21369 65.54313 61.21410 70.16733 213.65127
0.010000 168.03140 110.75024 260.86503 340.66045 166.88243 347.03474 142.77844 173.77432 408.29406 225.66315 2654.39362 2673.11468 1695.70112 3032.53311 106.42726 124.24876 2390.07551 2934.40592 2370.24614 1322.23394 94.32563 36.50871 2963.80948 2090.50634 3236.30167 3254.97347 163.16775 91.72049 2384.81489 3206.54642 2711.56439 2027.40081 44.38726 66.60221 3264.68179 2425.17802 2945.55989 2437.88701 80.30329 69.14931 2673.01126 2354.73051 1967.39621 2581.57527 101.50620 46.25394 2705.17464 3014.44173 3027.08956 2828.48432 95.32332 118.50104 2865.51240 2764.06743 2294.13694 2575.18456 126.48726 152.61643 2045.83825 2125.81184 2570.22841 3113.70288 104.35961 140.82598 2769.08926 1754.40755 2247.62428 2381.48847 98.35510 67.99358 2457.65868 2613.89143 2897.18161 3025.49064 45.95081 80.35927 2890.42089 3368.25427 2108.81054 2607.66713 131.43375 157.38482 103.67709 77.28590 108.71242 53.67736 184.57036 125.27981 48.53002 58.82232 76.60242 162.95713
0.010000 283.67414 166.88893 297.66973 382.86956 184.44486 364.20308 247.39138 164.31791 350.61898 246.27460 2153.95340 3722.79200 2926.53711 2018.67074 92.84007 140.98248 2060.20200 3029.32638 2087.46829 2692.60395 123.50271 30.91193 2921.91232 2610.31405 1817.31287 2543.17862 110.99154 90.25098 2100.65008 2761.56802 2193.50819 2796.61850 55.76135 77.41859 2178.61420 1649.92212 2777.63220 2858.74325 89.66864 133.32184 2360.17858 2050.97840 2228.33991 2306.31737 78.63973 50.96393 2655.16517 2543.54070 2193.30703 2853.24820 97.46565 101.88565 2677.30676 2892.02249 2224.03631 2175.48971 126.41341 151.51156 3120.46353 2309.38278 1699.07186 2031.95923 86.17367 119.16316 3415.34431 2951.01194 2284.10800 2400.33231 97.84848 62.33419 1951.83646 2475.36068 2472.69712 2359.41192 51.96441 70.00510 2635.13682 2511.06478 2920.47520 3261.53897 149.67597 111.52158 102.94915 68.24447 89.88601 59.07666 126.07348 92.65557 52.00070 61.49445 50.79552 148.40064
0.010000 610.80794 289.76235 593.18148 667.34918 328.06121 652.64071 396.62852 348.03382 896.31342 595.80539 5924.68938 5559.55406 5503.15317 4505.43890 212.84461 215.05411 5328.04554 5226.08044 5040.81327 5574.29051 240.71667 86.11725 5457.96970 5355.29551 5478.54538 5622.75458 302.71741 205.74315 4601.54018 5336.43264 6009.31521 6135.94068 97.79846 121.11038 5612.51335 5782.41146 5252.15714 5116.99886 195.26458 242.03684 5806.08672 5718.40454 5666.59870 5201.72184 176.70272 93.09088 5095.21844 5560.26776 5833.14389 4962.27568 200.17748 246.14238 5551.03253 5636.85418 5936.17228 6161.28075 353.46324 314.47915 4809.54359 5639.41755 4527.58604 5080.81246 136.61170 274.90835 5455.89379 4956.07093 4433.62506 5416.36896 207.17604 156.36710 5362.45763 4853.45276 5222.10876 4281.89040 104.28627 161.26625 5424.41090 5597.03749 5217.37431 5307.93174 298.50980 262.19210 179.13901 172.98962 245.26013 127.47026 272.08944 304.74699 98.80440 122.12603 149.64057 356.50215
0.010000 491.53611 261.56467 554.13817 525.16829 285.37070 618.99442 327.02032 334.68453 553.54463 503.35381 4529.33712 4037.47251 4702.44298 5235.16154 204.05406 204.84748 4144.94417 4976.65652 3986.23875 5116.10254 193.34095 74.91186 4689.67048 5460.78973 4906.56790 5115.92909 232.49856 186.00192 4545.27308 4941.87450 5169.84090 4976.26293 77.70260 114.68740 4766.13762 3994.86173 4695.54272 4988.96788 183.06505 213.49911 4665.20812 4912.75020 5210.98958 4891.56310 165.64094 77.05326 4488.23381 4881.90847 4919.34686 3718.02042 150.30869 269.05050 4773.32614 4856.41780 4093.12443 4349.59559 266.66864 252.51257 5072.29089 4263.74021 5015.63701 5139.10374 120.75508 259.69803 5022.46573 5529.52121 4900.23844 4152.91509 197.56080 147.99114 4469.73865 4703.81431 4921.91010 5453.27763 98.44700 141.91514 5255.43934 5113.18458 4514.23884 5075.82131 330.13998 242.57691 139.07009 179.54870 196.31029 88.46989 237.64164 281.60808 94.93754 97.47968 122.97282 277.16650
0.010000 624.26875 257.60378 676.81119 711.39644 330.90388 689.26536 404.69466 362.48513 781.78423 532.48477 4958.32000 5780.98130 4950.35135 5554.78676 185.45861 238.05281 5922.20361 4613.79847 5724.88292 5698.74610 239.47110 79.26189 5696.53975 5228.79692 5616.16206 5136.59307 269.13962 161.85745 5954.32102 4978.07749 4935.99657 5605.48080 85.06027 124.80474 5465.23956 5444.12627 5140.08622 4903.50317 169.99546 203.34367 5308.95161 5518.37827 5026.21307 5004.99593 182.47950 101.99016 4953.04829 5242.57034 5537.42888 4464.56648 177.17820 238.83121 4957.72584 5834.57914 5423.36054 5642.38567 305.86780 314.68903 5393.69525 5432.81783 5733.41513 4930.49215 160.18764 252.43916 5751.68862 5539.21584 5214.85419 5933.28716 204.30558 185.47350 4537.72205 5582.93991 5588.74599 5496.81039 108.94937 168.56131 5087.34473 5554.40332 4757.14792 5764.17860 301.06937 284.70332 172.00201 186.97083 224.68478 105.73321 263.91709 251.54117 121.30193 111.82104 147.89778 268.13588
0.010000 442.81643 236.77138 430.34214 531.84737 284.72071 399.96927 326.10932 298.07966 647.14324 476.05471 4894.36339 4734.54237 3765.98926 4124.93390 172.99930 165.02309 4013.87891 4450.34827 4127.65305 3837.74499 179.11202 71.36697 3599.31283 4798.13637 4554.59324 4376.93093 238.36320 120.77272 4176.08011 3348.32163 4751.89403 4429.20493 56.50411 108.46965 4000.07643 3895.09964 4364.57087 3522.05258 125.46978 186.27233 3344.65216 3974.76046 3592.16778 3902.05140 144.95587 81.90671 4438.71804 3918.00944 4163.30762 5326.47002 153.46316 180.12003 3462.27824 3726.19714 4000.25280 4627.02970 247.55561 227.63817 3308.55707 4485.54177 3952.61004 3889.64511 102.55754 209.69567 4239.06094 3925.19685 4587.24416 4375.52009 188.19694 126.07911 3954.19043 3943.15830 4196.80922 4557.07791 78.55236 126.98011 3754.85540 4268.01926 4296.01672 4705.51675 286.96610 197.07048 138.00087 176.69874 163.43458 87.77008 205.83360 208.77566 70.03673 86.08618 109.02064 204.20556
0.010000 481.08638 265.75224 643.43613 600.12440 355.24689 680.26643 337.88472 292.67794 805.54498 482.11510 4530.83822 5378.64755 5242.85123 4665.63412 175.12843 205.42366 4914.49065 5312.41449 5336.23942 5561.57877 188.31459 79.31266 4222.77626 5469.70395 5095.64020 4954.24668 265.77738 159.96645 4361.89901 4332.83420 4254.78224 4503.88009 89.63226 131.50958 4995.42773 4995.69420 4047.47291 5692.78804 190.58025 249.44496 5250.67428 5397.80605 5391.53472 4563.66160 190.53752 86.45309 5013.25548 5030.14365 5516.35819 5410.63191 146.71493 211.62588 5211.57796 5294.84770 5111.54409 4676.74719 274.57375 270.38684 4264.69847 5218.96225 4547.89833 5777.35092 151.20826 279.48341 5478.78673 4753.24559 6133.81265 5314.91323 202.97917 154.79001 4471.72993 5334.59628 4978.36026 4695.73199 99.26391 159.48141 5038.04108 5271.91526 5379.04459 5413.53046 270.43414 281.19609 167.20455 201.64939 210.16177 118.34994 255.66485 304.94653 88.68157 91.18203 145.31312 256.55571
0.010000 265.37366 176.84584 252.95110 290.89139 181.83670 402.13484 228.85216 113.79150 354.69699 304.03046 2136.07386 2357.44038 2667.69235 2817.40488 81.29083 153.62461 2207.83113 2657.50983 2859.49506 2614.45462 88.25273 64.47596 3194.42857 2955.58043 3122.50471 2612.17472 118.66929 72.61608 1913.15645 2489.73698 3579.81078 2050.84023 43.38138 68.44662 2660.73590 3283.74747 2780.15250 2885.36469 97.30661 138.72527 2692.05466 3293.82183 1618.25654 2688.96395 90.82945 53.42250 2315.74106 2826.42587 2744.08509 1987.72579 96.72168 93.33067 2105.24264 2621.56699 2297.71227 3099.68684 157.67258 152.04077 2025.49408 3076.12183 2852.34683 2965.57958 88.25676 100.93917 2888.92632 2760.63820 2686.40438 2470.44382 83.70597 76.84655 2330.69925 2699.87655 2339.52527 2309.92620 65.51525 75.89558 2401.54323 2883.68377 1806.57241 3006.80716 174.36066 86.09958 75.92302 102.32372 108.78379 57.06769 132.24747 141.79565 53.23270 36.02656 55.75972 176.28593
0.010000 305.45894 165.77813 320.88943 305.81680 221.05870 404.65187 218.99964 239.97079 336.33387 276.95838 2931.56660 3286.85683 3918.04665 3451.10515 107.82074 120.35192 3617.79967 2999.42900 3133.78521 2094.32919 119.31959 55.61447 3476.18760 2854.09112 3408.97235 3272.69503 150.19836 87.90700 2529.20749 2215.42519 3252.86305 3603.92544 60.59277 65.72553 3147.90674 3392.97795 2984.65413 3369.65041 99.75589 118.18459 2807.82919 3147.04169 3656.35010 3467.07810 130.95216 54.01588 2893.72697 2467.73696 2625.16755 3185.95570 114.40160 119.60915 2557.33689 3386.43515 3101.51719 2695.48656 168.03842 145.91331 2431.68598 2478.67750 2628.27381 2957.46783 74.15829 144.00313 2651.46495 3627.53336 2570.23442 3089.74685 125.70790 109.20924 3950.83907 3033.41706 2468.29546 3102.81256 73.40908 78.33498 3849.17710 3000.60680 3142.41869 2988.08722 136.00199 142.85484 85.62780 122.16854 140.53260 78.44071 158.71944 144.86994 71.94995 67.95927 81.08451 137.06316
0.010000 640.34915 325.84352 692.67173 693.94991 385.90615 719.20277 387.55033 408.51783 877.67744 598.79245 6041.50030 5484.82305 5719.16595 5249.01601 215.20490 284.44395 6040.63374 5896.79763 5820.14150 5331.40777 242.94755 97.16601 6149.10159 5916.95573 5287.06494 6094.82423 296.95428 188.05698 5313.74835 5190.19650 5708.48146 5506.28214 84.61695 116.72153 5750.51987 5272.12998 5741.42143 5867.11033 179.58881 252.33475 5759.38758 5927.66944 5458.65528 6276.62851 190.56193 94.94120 5424.28288 4940.98314 5337.71667 5277.75530 176.24316 214.93340 5722.67958 4706.09458 5576.99545 6439.86768 342.42067 341.01436 5925.05351 5096.08941 6235.61357 5626.43042 168.62526 270.63300 6442.09150 5422.04121 5141.45787 4878.35424 240.13475 188.62622 4730.22604 5609.97969 5422.38775 5436.62543 120.11204 170.93823 5545.43632 5595.12482 5182.76387 5852.36724 300.89557 322.37980 183.61804 235.39009 221.28593 141.83261 295.94763 353.31678 103.71507 126.67551 155.16109 324.28472
0.010000 151.93999 79.65095 90.90707 117.32550 41.20041 141.14125 90.87158 84.44794 76.46782 118.71741 1364.07880 1727.42116 1249.34048 721.35672 56.65287 66.83851 966.65117 743.97416 1139.54295 1053.25788 66.04809 14.39957 1072.53669 900.98303 651.62959 1422.88658 51.16342 48.03007 866.37011 429.79497 1397.22688 798.61462 17.34880 25.61403 2076.52589 575.80018 837.03888 1017.81638 16.48439 52.20312 926.89698 421.65190 1756.41620 562.44042 32.97698  8.31722 823.84023 1223.96619 728.36812 1459.64425 40.74880 44.34268 726.07578 268.63817 767.99502 991.18267 13.21521 60.64627 1090.67657 1371.83216 1831.81853 1471.22602 24.86397 44.83512 998.56555 493.99198 1361.36471 1258.58702 19.62272  0.16194 1248.53391 1398.97588 1109.01193 839.03858 29.08117 31.29174 1490.98343 929.46555 521.14539 764.63216 30.02961 29.17366 35.64455 35.88363 48.63995 20.11524 65.40951 67.77877 27.10293 11.97708 14.93008 51.73599
0.010000 225.05967 135.81852 307.75210 383.86778 215.34699 329.77808 138.04122 140.90251 361.51089 258.39306 2513.38197 2407.69021 2710.51004 2702.54072 104.33689 129.13864 2614.53516 2095.56137 2599.18636 2514.15265 136.55218 32.14263 2488.23756 2632.40132 1561.42950 2400.88733 141.33583 78.16722 3162.94970 2864.92442 2562.35744 2772.60484 47.16577 51.78162 2890.17236 2663.00473 3366.77048 2935.92212 74.74271 109.34523 3021.11128 2111.80451 2549.43496 2087.86782 112.53644 40.05258 1964.89029 2389.93479 3140.19338 2298.83365 105.83637 112.68944 1703.29290 1787.77863 3048.43327 1742.29676 175.07212 54.01292 2067.83576 2911.48079 2340.38376 2379.05235 69.20238 137.84528 2687.36590 2657.55943 2156.84270 2533.52597 113.59969 81.18588 2138.35685 2266.14245 2328.96976 2456.87675 46.83497 81.96566 1816.91024 2218.00579 1293.26085 3466.90010 139.91640 137.00944 77.28400 84.50129 98.52366 54.33649 110.61475 178.47005 43.42743 40.89789 57.35495 147.61952
0.010000 471.04882 231.94769 361.88896 448.81830 234.91415 526.62667 250.06545 201.16718 460.19555 296.40297 3857.14599 2745.76478 2860.29271 3633.61566 138.77970 173.74484 3107.89659 3731.60581 3318.45830 3232.96480 131.07846 51.23228 2383.60015 3942.75722 3192.25051 4035.32292 144.91557 137.16849 3994.79246 2655.55860 3091.62720 3802.14715 51.30390 67.17183 3150.06339 3101.12689 3413.68158 3813.22305 112.76645 120.49944 3071.50998 2814.19419 2464.12820 2724.21573 131.43775 55.72046 2900.06740 3472.61983 3151.72991 3260.29182 106.95492 128.13093 3269.10322 3554.49165 2901.37775 3398.29673 188.90623 169.59159 3498.55906 3436.47755 2579.86453 3410.79319 115.69508 163.24248 3032.75463 3014.61672 3319.02245 3280.85049 129.46867 102.61176 3437.34023 3223.01271 2445.32094 3440.50043 73.47296 106.06071 3007.25883 3418.05070 3481.40070 2593.07291 163.93024 175.51331 83.57932 126.47284 150.14635 79.77098 147.06334 166.63135 48.51702 70.68963 101.89572 169.64764
0.010000 438.32586 289.44271 578.39896 667.05147 287.60810 555.02027 309.84990 279.91928 718.06689 441.00811 4912.20160 5118.70338 4344.21702 4761.19274 190.94192 234.30984 4093.77578 5343.07887 4264.09164 5288.35099 155.29085 67.83119 4697.60164 4684.38412 4311.13537 3689.52132 185.51320 152.64300 4376.99942 4811.46613 5330.88864 5593.14816 70.08120 115.53277 5669.92576 4970.00730 4446.11404 4807.88069 146.09104 187.07596 4821.73571 5129.84202 4882.99112 5152.40001 170.27106 82.85809 4875.67312 3781.16921 4883.27375 4965.76876 166.39655 197.43966 4903.96788 4321.01522 4668.27086 5114.31947 276.75420 228.80165 4866.59350 4216.08227 4615.46262 4310.95408 144.06192 208.48113 4029.77654 5158.58526 5338.84034 4385.90917 163.96124 158.13396 4507.19712 4227.13354 4754.72775 4453.64795 101.93115 146.29446 4828.86137 4740.85832 4415.34496 4090.53641 259.54025 253.81093 159.85932 149.43948 193.95923 120.08838 232.64478 256.12505 93.02004 91.91507 134.86173 247.41002
0.010000 433.88460 176.24446 433.46516 422.15143 191.72392 548.37482 209.12792 268.13789 572.64646 353.60732 3546.99840 4050.20358 3075.02019 2998.21848 95.55500 176.65502 2882.55738 3712.65848 3934.08850 4094.68111 128.22281 58.70589 3210.50538 4104.54882 2778.97837 3487.70425 173.72011 125.90254 4046.82470 4056.52604 4010.33892 3935.74301 48.21147 101.70046 3704.73014 3678.67931 3499.27589 3648.03209 129.81509 157.73399 3839.89259 3811.75204 3707.55586 3976.04464 116.87053 51.33126 3075.67970 3974.80861 3346.25799 3575.71112 161.18619 172.28359 3516.15677 3233.61891 3840.91557 3036.26041 218.55176 218.35013 2921.30235 3524.95287 3289.06452 3642.35408 92.87706 146.76347 4026.78222 2988.90488 3339.00481 3593.34622 143.87740 110.40997 4486.13560 4324.37865 3546.75811 3579.03059 89.87126 122.15044 3545.96795 3622.27754 3437.50833 3949.63164 193.71979 181.66321 130.51019 178.98150 122.99503 75.06659 203.88511 202.05431 73.01944 89.00224 105.08672 190.11890
0.010000 338.72620 224.16116 350.78141 428.82122 194.59341 411.56232 202.34927 218.15563 619.34795 370.56620 3388.86003 3472.85939 3949.28053 4414.51507 100.58886 116.06147 3218.12799 3438.45677 3950.75943 3527.87132 160.61648 51.83999 3203.17826 2871.04738 3492.45170 3639.72596 176.69204 96.69606 4313.42507 3480.52477 3801.54818 3361.47988 55.03115 75.90711 3373.72135 3396.70407 3742.91009 3809.27163 131.79024 129.33160 2853.51465 3885.08739 3870.51097 3712.66712 123.51946 49.82213 4472.33873 4158.27893 2924.06393 3337.83781 115.92706 140.73440 3565.84913 3687.84572 3419.33789 3629.24623 230.97123 178.60326 3778.18110 3579.64741 3418.50868 3442.99247 110.97331 160.59497 3512.44126 3463.78491 3160.75154 2842.07639 115.98935 64.82791 2663.67798 3524.61458 3628.08962 3013.27760 59.52651 108.58249 3437.97581 2988.48949 3805.35477 2935.02822 167.11079 136.27188 91.98082 129.39808 114.78007 74.39334 154.58665 211.69083 68.99649 67.23569 81.83713 184.25421
0.010000 60.87086 20.01502 53.39706 191.96520 54.64534 177.43443 126.98025 29.53307 201.90223 127.38635 1412.38487 747.25321 1005.75580 1393.04860 48.19748 35.29512 889.77633 1486.04405 744.82529 1150.82617 21.26686 17.52276 1041.57967 1271.61898 1309.43931 514.48743 33.07597 39.73368 1237.68227 839.46054 356.85033 847.74299 18.98466  5.13629 1158.35449 1612.91973 550.75854 554.16240 17.42536 51.24987 682.27875 1135.97901 1074.30815 686.72609 36.61624 14.58349 1104.20136 994.41283 899.13860 1078.33275 55.26949 61.80625 1261.50772 1058.17881 1590.02735 1057.97018 80.02759 75.09839 1460.32605 635.56541 309.74542 982.78422 26.81942 73.80791 1525.44487 1196.06903 675.70556 1479.78579 53.27529 23.13899 756.81663 1131.15983 2252.02231 2074.95342 43.48921 30.53189 361.26400 1025.13196 828.98078 1330.20500 25.27688 33.57174  8.74250 64.26523 34.01324 36.67356 60.36977 51.07671 25.98589 19.79697 30.66754 84.36562
0.010000 461.35833 204.77618 387.53512 433.59604 261.34062 605.17774 234.91565 224.21429 579.62935 408.39427 3053.68600 4506.05782 4029.91212 3505.97948 153.25757 200.55079 4771.73494 4699.85829 4277.47481 3490.93248 146.23121 59.48582 3735.55771 4479.46741 4382.21343 4133.41932 228.28635 138.95145 3957.42625 4264.86531 3570.99981 4686.72583 62.55302 85.53688 3040.48344 3731.02198 4122.30322 4339.09435 138.16821 156.78607 4221.90115 3928.15992 3975.37558 3104.77821 104.25685 71.85708 4127.85410 3791.28719 3244.93135 3968.42299 155.36558 187.31312 3652.25655 3029.35636 4179.14088 4403.07663 224.93017 224.34095 3164.91254 3342.77724 3729.65276 3542.91156 109.76240 201.36138 3148.55862 4032.69422 3795.89100 3756.60500 128.00389 143.48503 3664.03293 4207.74959 4388.28779 4283.32348 72.11109 105.84396 3883.02001 4159.32411 3897.75475 3461.52189 232.88345 187.07045 128.20588 124.73448 111.92191 94.30559 185.99343 246.43361 74.30229 68.14987 92.63733 230.42594
0.010000 97.73125 73.25232 201.63665 170.43873 69.96216 190.05110 68.99903 106.86541 233.72539 241.08973 1094.55335 1398.38293 1280.07242 1382.56645 99.04780 72.11721 1076.04688 1614.26853 1083.78905 1553.72471 69.71923 43.80142 2098.25981 963.01053 1237.18917 1015.54165 54.77773 52.95814 1693.89700 950.63269 1333.10631 1570.73922 14.91968 39.22540 1234.41094 1655.75572 1274.50194 1254.05214 78.71000 30.96160 1176.59666 872.29928 1352.08637 803.66795 29.72440 27.71339 1575.35736 2023.42484 2060.18609 935.09458 45.54562 77.10473 1354.08762 1175.49037 2095.85120 1732.86907 100.48219 68.25943 869.24941 1317.20267 1480.76556 1335.93959 57.20753 83.25373 1714.78609 1562.01981 1283.04913 1151.22003 39.08576 45.37244 1551.17257 2335.68760 755.07222 1051.57001 39.16174 35.53562 1320.60818 1484.25736 2182.47255 1958.15081 76.94475 87.83490 47.53702 42.11099 65.50633 42.94203 34.60763 73.12936 18.85725 40.54990 38.61405 21.97931
0.010000 371.09151 183.34921 422.81830 385.49664 264.69022 393.89272 190.91762 231.77152 442.56913 416.74334 3327.55871 3767.76420 3994.63067 3701.87328 140.82063 183.44233 2806.26055 2443.70241 3834.22571 3702.29802 150.99172 51.89031 3765.69566 3856.93403 3823.85533 3741.53924 151.29871 121.09428 4478.62875 3642.42202 3435.22719 2695.77853 58.58353 74.55243 3298.69029 3088.09087 3394.96266 3624.49115 108.80148 155.86243 3619.73185 3637.80326 3503.02482 3282.86356 82.49627 73.97361 3246.86193 3339.23363 3233.77550 3891.20569 107.35126 161.99512 3428.11218 3698.69810 2483.78179 3768.01637 244.50031 181.02850 3422.05130 3523.31118 2779.39966 3139.07220 95.83825 150.29335 3727.13692 2869.05689 3427.24830 3303.61003 121.29983 114.99431 3486.97322 3570.72209 3927.45569 3436.36522 77.51302 82.45998 3524.07421 2925.35272 4075.58474 3681.26468 176.55573 219.06609 119.96358 142.13996 168.54342 91.50791 190.71556 191.47992 73.97538 65.84617 105.42818 237.28271
0.010000 399.72524 184.55094 510.38694 577.77874 215.53898 412.77391 220.61287 232.44365 473.57851 399.52002 3701.40999 3417.90462 2726.29624 3484.77013 145.37454 182.40066 3907.50264 3227.16677 3358.08374 4310.58761 141.20627 71.88463 2839.04513 3103.54193 4023.32181 3370.24577 204.58766 118.13191 3880.96162 3422.91127 3211.57694 3877.13998 51.28894 90.76792 3241.92577 4046.96094 4135.32131 3221.49560 118.50570 189.09227 3516.23217 2973.92197 4183.36516 3923.99365 139.54488 54.87099 4232.10045 3455.71968 2711.41438 3505.02029 126.91412 151.74144 3656.91443 3200.09448 2774.95394 3531.81227 201.62776 209.89202 3265.96102 3028.09794 2633.77402 4280.21635 110.25313 169.09433 3710.81300 3044.26321 3606.24456 3461.80999 137.53039 124.26074 3977.32633 3353.70840 3194.26715 3245.02286 66.40247 87.28900 3483.74995 3414.06220 3393.98762 4120.71544 207.81866 156.95565 95.82606 102.12899 145.73032 75.89709 177.39934 187.69752 83.90832 62.70777 101.77035 238.27317
0.010000 270.03791 132.67841 390.19641 454.20085 167.82538 269.63097 223.39480 157.06316 395.17478 190.21051 1950.31951 2439.90825 2401.83519 2630.96872 88.25055 103.46057 2861.07923 2878.36843 2970.66139 2148.60575 94.06808 43.96323 3025.22903 2977.79479 2698.59253 2280.00512 123.63026 84.90745 2217.14356 2298.96756 2097.54251 1911.84878 35.46041 44.13336 1978.79324 2450.80999 2566.58822 2176.78042 93.92459 118.54692 2126.78180 1752.93167 3181.21910 2233.69156 72.68653 35.93732 2497.97673 2668.40730 2337.82187 2700.98763 74.05896 118.71401 2131.46150 3129.19479 2307.14049 2715.92124 157.82653 107.51732 2021.73245 1886.27792 2919.19911 3023.28900 48.04128 110.03126 2568.10619 2012.21946 2515.87187 1823.09934 110.19017 71.91509 2312.57330 2062.50148 2153.92244 2341.22365 72.96829 75.32387 2576.86837 2431.92413 2116.25233 2018.07280 104.17803 137.73336 115.43237 65.17754 75.83025 48.83507 108.31506 161.95243 41.77413 53.49575 52.78204 128.57841
0.010000 696.91691 366.50334 709.75345 885.21699 416.35351 914.97855 469.28497 398.79113 906.97009 632.82614 6032.76414 6460.94534 6717.72329 6294.30480 236.99141 301.21723 5900.27692 5826.50849 6420.63855 6414.55617 262.50464 112.07118 6067.88200 6377.24124 5829.94331 6148.17828 331.52377 206.85170 6426.35616 6449.75107 6164.95330 5974.50456 101.03120 151.59414 5997.74823 6502.07667 6570.74431 6204.86825 230.56701 263.17622 5779.45881 6164.75820 6746.16856 6381.05750 219.43156 100.18637 6208.71869 5858.29583 6577.69006 6743.71587 218.39222 277.97656 6447.07245 6376.70076 5959.82742 6020.64299 393.84440 353.86653 5687.22166 6647.52676 6181.76930 6516.81409 185.36362 317.76329 5728.58757 6326.13695 3863.55505 5855.45214 244.61050 210.84127 6101.93990 5698.41793 6446.96843 6830.84693 127.03523 194.71046 6325.44027 6351.21921 6775.49812 5873.56477 377.87318 316.98159 207.89012 242.56687 255.90957 129.94865 330.03489 305.59161 110.61842 120.65764 166.67681 327.94032
0.010000 466.16374 236.61778 515.41806 636.51761 293.00670 685.18780 353.09609 322.57716 708.94642 566.45699 4813.34684 3615.89863 4653.83577 4430.29041 177.96068 220.43894 4750.84858 5524.22550 4759.13959 4558.58721 231.91192 80.13420 4105.15625 4555.00519 3740.93227 3907.99421 211.75893 138.13940 4660.74850 4525.22555 4698.15055 4314.54440 75.90514 103.55840 5273.04975 4145.90997 4868.79856 4613.64323 173.11448 205.59561 5106.77758 4732.19287 3968.51622 4701.51835 195.42432 76.41485 4109.21644 5451.83590 4473.70274 4704.58187 167.06753 189.36429 4424.28323 5249.44804 4066.79852 4966.83494 283.39413 278.83567 4065.41704 4365.61326 4635.29685 3811.14880 122.92995 231.23917 4784.67885 4331.60618 4707.45276 4563.95394 191.19320 175.64149 4557.09015 4731.57136 4709.64265 5183.85790 85.02908 130.13640 5763.84522 4488.15925 5355.14481 4821.29390 238.40124 214.41897 176.83398 164.28147 173.32693 111.39881 231.47297 276.31775 95.63814 89.01041 126.37938 286.65944
0.010000 322.27476 151.08775 257.97722 397.32629 244.38262 347.65615 151.41500 175.24284 470.06338 212.93913 3039.00452 3051.74817 1906.92015 3067.02935 86.78012 140.44386 3389.81107 3704.82812 2539.10925 2932.87858 161.11560 52.89828 3187.96301 3167.50584 3066.25015 2298.69052 146.60300 88.35339 2183.48186 3498.40056 2931.12926 2916.82424 52.21033 63.77922 2866.84269 2423.51626 3050.87940 2621.87888 119.85974 141.39321 3413.35567 2739.80382 2620.32049 3311.24574 94.21963 46.61403 3254.77228 2706.79166 2606.51744 2546.32926 88.32764 131.48794 2879.23889 2965.15260 2690.86241 2736.30732 177.89133 146.09440 3637.08572 3259.99474 2704.26069 3291.61785 66.54893 172.30986 1916.21336 2198.65302 2692.81366 3284.74171 98.62668 91.64830 2731.48078 3745.92502 3028.60473 2822.36972 69.34047 73.31209 2924.67677 2280.28735 2803.74140 3196.96705 180.70733 131.32517 88.41469 130.04274 158.41700 75.38674 128.03240 145.15052 53.15195 71.61572 75.50570 148.36505
0.010000 25.08309 38.57003 126.19724 181.62484 38.67177 76.24338 22.03458 39.22656 124.67980 63.07233 143.57229 529.05977 1229.33360 198.28363 11.04104 27.78887 490.52196 498.13830 629.45280 751.72194 24.25856  8.66343 1155.21898 759.51804 674.72517 940.03703 22.09805 14.93080 712.98173 552.13570 1095.48171 755.49638 13.82155 29.15893 351.44169 1460.65081 706.45086 1149.79059 30.04412 15.94007 696.26475 442.47113 818.94280 1106.20951 15.07546 11.88593 844.30494 934.55655 443.18837 280.21187 45.36013 21.76371 570.43092 639.53120 92.67933 885.44838 53.64573  7.68648 238.73612 454.39909 627.25885 845.82933 26.56096 35.24414 577.67295 666.36671 1244.46940 1374.57122 58.58298 31.09116 333.40717 462.39748 262.36928 1339.71243  1.56859 10.12977 1009.46409 162.52933 634.05452 213.82023 72.20935 56.10326 21.36918 55.29997 34.33707 27.50638 66.19933 13.93288  0.27284 32.75769  8.51139 76.46359
0.010000 395.58392 214.69811 337.17230 509.36604 176.64139 383.72760 283.40984 232.74590 631.40837 316.33245 2812.07271 3362.32101 3960.02162 4094.81296 154.98727 168.99716 3545.21253 3152.29712 3160.61364 3313.31209 179.51224 60.14042 3408.95439 2975.88299 2715.90403 3184.47949 219.72131 140.96714 3175.13691 3703.06719 3290.86694 4061.82965 49.29273 78.79060 3608.07031 4056.24236 3406.23690 3275.56650 115.95836 175.03608 3188.12993 4364.72710 3273.49829 3068.47136 102.25093 65.54761 3759.99707 3695.07541 3028.71916 3526.33352 127.71760 152.01648 3793.17017 3099.41077 2904.39584 2512.10653 172.04384 207.71562 3042.94122 4037.70096 3167.78169 3635.02878 108.56238 187.44837 3387.35225 3707.00611 3702.97836 2950.15181 132.16962 134.12309 2758.75139 3328.97443 3183.07740 3938.06050 80.74114 94.07883 3704.15999 3748.04906 3571.86841 3524.14776 189.71910 193.86921 131.46337 162.28018 172.22559 84.93853 206.23161 242.11033 70.03693 71.41213 97.50416 194.58941
0.010000 122.93953 140.56363 240.64720 262.30703 174.67136 201.93566 177.75593 136.82561 146.19208 221.59729 2159.31767 2056.47760 1595.19421 2339.56643 49.23377 66.01200 2023.67211 2356.35302 1328.20563 2290.69500 73.65284 28.30253 1181.97165 1180.63294 1848.23701 1862.94086 106.02850 89.63812 2813.61863 1888.43028 1329.47583 1940.00656 39.30549 34.29194 1584.07527 1499.19138 1997.05495 1814.81048 72.41957 85.07543 1651.33517 2584.71070 1927.24473 2219.35710 42.93123 35.47289 2073.00535 2031.85763 2253.05980 1073.97517 90.19874 58.25604 1804.58774 2011.23859 2746.55856 2569.92102 71.24933 96.71114 1523.21371 2143.55831 1669.53059 1488.42388 53.12579 69.58055 1503.81557 1702.51289 2106.54212 1823.63616 86.32573 71.11951 2149.08764 2184.41392 1660.76779 1525.28957 39.41787 48.33966 2246.04733 2161.04179 1845.58924 1986.53598 121.72933 110.90753 75.91456 91.13741 74.32089 34.54225 134.37096 129.13143 42.73497 34.97660 44.03242 79.71625
0.010000 230.46389 132.04146 385.03997 290.49041 117.75755 238.79324 198.28331 121.54516 416.43807 276.31297 2355.33488 3078.34181 3166.52144 2864.31022 73.39449 156.56706 2519.97293 2563.68502 2710.71599 2946.90923 117.37867 39.09717 1698.52681 2487.65315 2290.38197 2920.22230 134.68810 92.51136 2109.14014 2760.79841 3068.45405 2704.76304 48.72723 53.90546 2958.56160 2379.98148 2576.86989 1974.79984 92.61320 85.18660 2413.31696 2469.10353 2464.50903 1813.46358 95.40490 46.20354 2044.52036 2661.82414 1727.03281 2041.18247 81.47007 74.85388 3272.71664 2609.86292 2728.91425 2750.71358 193.79967 133.23581 2527.44227 2443.46163 3052.01647 2868.06437 40.13399 117.29623 2348.86460 2452.33228 2522.57788 2753.10467 103.29984 76.90199 2839.08664 3147.45040 2121.50178 3653.87500 50.91972 55.25292 2248.79201 3293.37760 2646.44294 2432.00235 147.42145 150.00059 77.67476 81.93709 110.89929 54.41147 123.22832 116.66174 36.85495 40.29176 81.93748 148.31313
0.010000 553.96860 319.07813 562.92445 542.03306 344.28754 755.62494 337.26440 366.34969 811.47946 536.50845 4863.98820 5791.86463 5635.80542 5427.32252 180.73539 237.98291 5202.58060 4247.19499 4414.29344 5094.92243 242.03895 93.61845 4667.87831 5203.86249 5275.19488 4809.88414 229.67146 173.48706 5012.61354 4849.08930 5048.76832 5456.54531 82.18033 112.05488 4853.91742 5141.88311 4459.70004 4215.00660 200.71938 227.08933 4520.67615 4748.42951 4557.53497 5719.21527 193.50490 83.85703 5308.63194 5138.68370 5160.92675 5276.69598 190.23198 242.70092 5199.88361 5389.94828 4602.24448 5109.71430 307.84219 243.04144 4997.62829 4500.19007 5193.51325 4814.07959 150.36321 264.66325 4836.49548 4995.16321 5749.83324 4881.91812 193.74920 155.77125 5710.03836 4587.48322 5399.06752 5491.63390 104.38528 149.41523 3968.29668 5358.08380 4494.96280 5867.62214 274.21609 268.60400 195.99940 172.25216 194.60409 133.13964 297.28882 304.19778 91.94148 101.63362 140.91720 293.03718
0.010000 578.93528 272.18276 557.60829 617.45591 296.83062 655.22595 365.71125 251.84830 765.76788 527.32792 5328.46505 4379.21211 5150.58556 5254.07230 178.97424 250.34964 4975.33076 4666.32638 4927.30948 5162.24562 232.99413 78.43475 5029.34833 4579.11526 6064.79501 4815.02105 265.35681 186.60669 5582.41891 5466.83398 5171.94590 5016.92591 84.42384 130.50276 5077.19042 4565.51444 5198.67441 4577.24061 172.33800 233.75837 4919.51265 5022.37944 5050.38848 5716.32301 187.37522 80.02268 5131.86625 4500.77996 5004.59262 5335.03300 174.97970 238.27948 3570.51278 4757.40627 5667.00612 4131.59784 309.40365 304.81125 4602.62736 4643.43441 5200.60152 4799.14927 146.80788 262.46837 5655.78224 5544.02001 5249.62902 5466.22796 196.75255 163.97352 4744.74076 5564.68057 4565.80462 4396.43295 112.89343 131.94135 5329.89308 5387.08628 5197.52664 4361.56628 275.73419 283.76711 190.99948 190.83019 200.26890 132.93212 259.88187 244.72852 84.29664 92.22984 132.40059 276.39048
0.010000 245.97952 186.33441 321.02133 361.02616 124.68966 371.61375 223.67779 173.58701 553.67513 302.06366 2312.40822 3464.54439 3116.81919 2663.93228 134.54709 108.24542 2151.26746 3036.72761 2589.05636 2706.56676 109.35676 47.78884 2766.91378 2575.35225 3115.76840 3328.22164 100.31333 83.29796 2965.06195 2923.83152 2599.71281 2394.78809 51.80018 49.65111 2230.64324 2132.90173 2797.12036 2270.91724 77.46933 153.51784 2812.42584 2132.40473 2506.71029 3348.02505 113.50515 37.29176 2495.10496 2034.96076 3106.35150 2306.45422 83.59134 156.69987 2833.28675 2017.87394 2377.01533 2798.05112 145.76584 135.33890 2278.20504 3128.83559 2981.72467 2229.31102 68.70889 128.10705 1925.75493 2013.71783 2637.94593 2960.25187 104.79421 113.46988 2308.97376 3398.34303 2739.23851 2272.68211 44.31953 87.91449 3068.56613 2716.77596 2681.89367 2631.84973 125.17281 148.39790 66.81176 115.93465 90.74900 53.25919 139.52712 120.26290 49.59366 53.49039 74.71930 161.24538
0.010000 219.52000 57.11791 170.17155 184.18316 95.27546 145.10757 97.41566 138.54373 136.60934 86.78526 587.92408 1016.68610 1642.31128 2073.12737 57.88523 49.07750 1257.18205 1979.26045 1483.00504 1354.41577 53.98948 14.19995 1453.10125 1804.79392 1012.69755 1596.12712 100.64872 65.65853 1569.74982 1755.22906 1426.24572 1630.24287 18.29811 54.10595 1141.89631 1810.10903 1244.89804 1084.71859 39.55146 77.00081 1188.86250 1035.39139 1721.41380 2276.17121 85.24199 32.86421 1167.96867 1286.65283 1626.34327 1593.91976 58.75764 67.67404 1215.23961 2085.07077 1840.72320 2303.74323 87.76930 69.40563 1580.59349 1839.54534 1585.57021 995.29276 38.71230 68.08869 2078.57706 1008.83071 1452.68966 458.72767 26.72001 52.57448 1437.68586 1656.90450 1655.49476 1263.89642 23.00906 30.48932 1264.94459 2293.06671 1452.79191 1584.57270 66.19989 55.94718 49.16623 78.62469 71.27635 49.93999 37.78921 70.42069 15.14341 20.46229 40.69127 127.22523
0.010000 514.02397 240.65671 590.73400 512.33458 284.72550 608.44925 295.80270 302.49878 700.37286 405.37949 4360.08098 4597.49745 3990.96019 4440.33904 150.14259 210.62310 4041.97441 5045.12203 3830.21129 3531.29210 186.59875 82.03618 4232.45361 4097.37494 3876.06107 4930.69301 217.43158 151.16353 4673.37686 5104.18840 3654.75956 4448.28152 64.67057 107.69765 3881.57479 4177.93890 3943.44001 3591.67348 136.52904 186.05230 4358.03929 4668.67382 4589.09439 3497.44110 172.34254 81.29691 4580.48338 4183.56112 4516.41039 4513.35849 174.66309 195.06355 4772.49503 4468.56742 3961.52105 4402.46248 316.69614 254.91231 3703.78475 4510.02706 5177.52817 4229.10851 124.58463 221.06804 3779.48881 5523.71338 4503.96292 4288.47591 206.66797 115.04707 4013.11599 4448.90206 3885.56228 3726.77327 94.27275 139.66315 4786.08447 3880.50797 4393.34976 4878.37507 250.10641 241.14787 136.47060 172.42775 197.47897 112.65115 215.84442 222.92477 97.00323 77.78887 105.45030 290.95419
0.010000 207.97603 84.36448 205.33405 112.15413 129.19109 238.14760 77.97179 65.22258 354.29630 168.56019 1006.03539 954.36107 1177.11207 760.18855 71.85221 36.19429 1588.73299 1295.32271 1266.87794 1227.30236 33.58088 13.81165 481.90066 826.87997 1182.02034 1313.99765 65.48266 40.63800 1387.47721 1487.40643 1317.86362 417.47480 24.90671 27.19749 1896.78910 814.82742 2069.45018 884.23967 39.52547 35.93602 1312.90454 1511.16378 1378.07906 1341.08055 25.77384 27.67639 1402.75808 1011.66040 988.03861 1882.88150 24.35218 56.45020 1169.25231 1634.80513 1323.44014 913.00946 86.43457 67.60635 1036.64074 1212.56180 1772.39830 1250.76802 43.11106 79.21919 1700.44118 2131.14708 1845.34968 1304.83106 40.34731 50.52494 2137.56267 973.29306 1167.77636 1207.82349 27.99213 20.21316 1346.56027 1296.86790 898.20912 1314.76758 88.34618 16.96740 35.54048 59.93805 70.67404 18.89245 62.22125 81.34363 26.01826 44.62711 36.61980 75.42925
0.010000 526.30899 257.67333 572.83402 607.68594 290.07656 585.28429 320.85729 265.19529 600.94778 466.91220 4915.06184 4692.52620 4245.64344 4485.63658 165.48274 153.21825 3890.05719 4486.09521 4401.96795 3809.01845 192.43692 75.73686 4883.81768 4139.96096 3782.02294 4268.50029 214.26423 147.74913 4847.68089 4104.89039 4522.88852 5103.76920 72.20996 100.76390 4185.67573 4717.07136 4762.82879 5180.54307 182.70821 174.12194 4920.47333 3779.16098 4269.58909 4585.72076 131.26315 75.68310 4389.87036 4811.61121 4684.24183 4623.20207 135.32502 207.66388 4698.85902 4324.12936 4162.74816 4405.97195 265.25705 317.40239 4677.59073 4467.74936 4629.46565 4747.52499 120.06682 216.40471 3985.45112 4598.34995 5015.61479 4841.95969 190.80953 156.38295 4856.71737 4547.79981 5011.71229 4296.05624 85.32385 125.06539 3914.89988 5095.99270 3630.38175 4396.67787 212.28673 220.42881 168.00374 189.48678 207.12577 106.28010 234.05464 229.81428 78.20243 67.81844 100.64151 274.01383
0.010000 379.20145 120.66911 313.44627 369.67881 194.97362 367.46623 196.01361 142.94265 400.99462 364.48582 3102.64375 3482.36164 3013.96645 2384.63104 106.53648 137.17951 3414.27787 2787.28521 2309.44075 2407.04183 94.35006 56.08120 3374.85244 2575.55305 2460.69639 2393.66024 118.99629 87.94943 3675.07721 3018.53967 2742.58840 2952.90690 43.53915 76.50516 3368.98120 2526.65604 2740.06703 3230.35366 136.62465 157.07612 1894.45160 2587.16915 2921.31387 3049.73347 128.47229 62.19361 2820.09831 3360.64981 2441.71262 3328.99907 107.95503 138.16244 2860.26625 2733.57948 3007.80402 3321.81729 169.72080 160.85276 3104.45613 2690.49449 2764.83199 2316.84883 67.96982 174.02864 2958.80704 2861.30521 2597.05712 3006.85194 115.89808 74.05205 2126.00904 2623.83704 2601.24402 3010.01837 58.14228 82.85716 3311.62931 3150.41466 2275.05526 1977.60325 189.28239 194.28072 80.41915 117.52765 136.09081 56.03819 165.43178 201.13265 54.14017 58.09734 89.82087 163.71808
0.010000 425.13522 164.02307 392.17408 551.48194 264.11533 546.45614 241.68576 224.41209 575.36979 417.32249 2955.38881 3451.21509 3855.04036 3467.24324 128.59268 142.36400 3014.29076 3667.79339 3198.28710 3077.05764 129.55431 44.67923 4143.92509 2777.06107 4187.67778 4314.83153 188.61500 105.53904 3060.72289 3578.04666 3671.36670 3754.29210 44.45236 85.47335 3516.74913 3407.06495 3267.45583 3304.98261 116.35021 169.27461 3336.75201 3898.09327 3417.60701 3384.87883 122.36261 50.18068 2940.51029 4061.28935 3633.98177 2934.35050 141.93560 129.98643 3840.53380 2788.15081 3133.31384 3185.04197 207.97657 192.74360 4554.85878 3351.94455 3656.85901 3330.47333 84.35684 194.24735 3756.74669 3273.46335 3641.31821 3762.46976 124.79744 119.83190 4103.30663 2563.30279 2775.01216 3284.18389 66.54774 88.63508 2951.88936 3535.76330 4081.97677 4009.71052 181.46934 198.09551 107.07968 134.22381 132.09362 79.79395 166.44540 185.54543 69.45822 60.42689 91.65796 141.69301
0.010000 391.46300 252.01054 408.62551 364.31631 180.51413 340.31519 226.08606 183.11147 472.52603 395.46125 2874.88240 2664.30596 3247.89171 2298.82557 99.68497 160.06868 3080.65479 4038.13942 3263.40643 3151.24335 162.63565 51.70924 3422.83036 3606.85410 3146.82082 3116.99430 215.43348 128.34981 3312.81763 3806.71327 2992.55281 3089.00929 57.66327 70.41241 4017.45641 3092.44940 2768.69863 2975.21537 122.47619 163.67057 3249.79531 2729.53370 3478.75935 3762.85040 108.38488 66.75701 3462.54706 3849.64641 4427.79029 3702.44479 116.05875 147.88755 2798.59817 3164.83301 3135.94986 4113.20437 211.27094 168.30149 3510.54206 2957.85318 3212.60785 4046.08199 102.99897 173.09526 3208.46033 3594.70142 2850.39206 3425.55104 134.94212 117.56915 3643.43845 2768.00203 2967.67640 3830.89146 63.84414 104.54214 2706.30153 3217.46622 3430.03117 3176.38775 171.08448 181.50336 94.04179 138.83117 116.02007 85.41353 189.35969 157.14156 84.64437 63.44153 89.75718 160.93923
0.010000 313.92183 171.63863 416.14760 254.80230 204.92612 407.52502 253.93460 174.53555 444.27126 313.14230 3662.01422 3205.34230 3379.46809 2465.15522 115.53210 107.53332 2808.17723 3050.09200 3154.17103 3418.50892 146.82601 53.06418 3880.11865 3206.09518 2344.86901 2747.03633 167.48582 121.34653 3457.66313 3306.08699 3138.73374 3237.00669 36.15373 74.94128 2634.12285 3712.79967 3149.56632 2856.36343 76.25544 121.79790 3345.11071 2884.88429 2690.59550 3521.42568 113.54768 65.45384 3135.34482 2583.49405 3360.66988 3126.48267 121.62308 102.59223 3377.27955 3705.29803 2838.13971 2276.51895 182.51016 154.27167 3304.61474 2440.19762 3687.37981 3508.87284 93.61884 187.78747 2708.94431 2200.24356 3052.73050 3519.24522 109.15173 101.11683 2829.30218 2971.75596 3740.35915 2981.13504 69.54541 67.73506 3505.30739 2996.74042 3605.77147 2895.42364 200.28291 142.82514 86.92283 103.03646 98.46089 58.12944 145.40605 197.52237 52.28861 60.73665 75.53581 156.53498
0.010000 81.65085 75.75216 53.80859 111.18017 55.85030 115.43636 30.65159 29.67867 113.06336 119.72787 1826.54440 1053.18446 707.99265 566.87619 47.37152 40.60152 944.96488 1157.88892 1379.50749 432.26102 39.34411 24.48065 1325.79088 722.68523 633.18603 1903.33630 52.49289 41.99591 912.77043 1156.02932 179.87881 1040.86205 17.19376 37.93631 460.65554 1128.55544 822.06509 843.86215 28.91909 56.93540 597.04530 1661.39342 1134.92308 2034.80337 35.19436 16.17548 204.93912 768.74809 339.66031 900.68169 13.07573 29.15496 790.00275 1080.27529 1315.61704 674.21840 121.12489 47.20311 1279.45640 1191.37517 594.11140 952.63510 27.44231 45.00570 904.16120 1025.46452 1454.89486 1181.16155 32.18473 46.62858 1093.10289 1133.74304 924.49296 1627.51101 22.07557 73.19787 701.07415 1316.44475 1712.27168 1178.27215 49.96612 54.59921 52.34622  6.75199 59.86279  5.05341 56.81908 81.59841 24.84045 16.91473 19.73680 68.00806
0.010000 334.63968 224.19027 467.42695 422.64695 191.14829 475.51177 235.90851 242.12239 466.39901 349.88962 2846.24208 3848.36936 2269.59662 3171.01128 127.44060 155.69874 2885.97244 3097.33106 3714.58653 3088.48013 145.44771 47.78266 3601.27888 2707.68701 3350.52033 2801.03436 177.11215 115.76911 3048.09068 3977.42788 3609.27796 3246.55183 56.92228 55.49630 2535.10178 3263.54763 3247.08101 3634.28484 120.39083 139.59258 2551.43487 2475.71457 3450.10352 3150.69790 147.04615 62.95633 3018.35133 2951.85831 2866.03685 2291.78766 113.79064 110.24630 2393.98986 3289.60691 2928.29253 3195.08753 196.78221 233.08282 2583.59364 3584.94623 3046.46686 3253.21855 78.74080 200.25133 3658.10108 3744.64478 3600.23232 3532.86333 98.13866 97.76561 3312.81144 2781.95125 3938.75444 3255.01874 65.14145 119.43082 3096.05761 3143.36564 3430.37115 3070.85205 207.75458 158.86229 105.19575 134.83363 134.74682 89.75101 183.77443 208.76863 59.36957 71.97798 110.93945 174.30732
0.010000 260.64167 78.04408 371.93697 215.78534 131.10288 197.82519 186.19667 85.16062 315.66588 241.57571 2227.41976 2253.35019 2280.17010 2186.13183 92.16560 102.84771 2391.25975 1612.72201 1921.87049 1774.91796 76.45893 28.81123 1326.09373 2149.31485 1833.48660 2218.80248 124.64916 59.12378 1520.11584 1668.78990 1851.66968 1637.22998 24.62536 46.97808 1980.56953 2367.82271 1540.49761 1841.28739 89.66759 91.29216 2269.80047 1740.39821 1158.00375 2259.60495 49.65105 18.36696 1696.74641 1909.31031 1849.42519 1425.09720 87.26377 80.25937 1243.36437 1888.76867 1744.87229 2055.32555 141.33359 80.46825 2606.74102 1867.63285 1470.03520 1804.79921 75.60719 123.33280 1138.50493 2630.19947 1862.79412 1395.28825 75.56115 51.13930 2194.67208 1878.30225 2866.06834 1373.45556 33.99638 78.84088 3122.97139 2411.12462 1883.08088 2131.79723 108.67858 103.16499 77.46029 97.63848 70.15297 49.42429 103.22614 94.03284 39.74309 44.58007 59.28836 124.95352
0.010000 508.16916 325.61389 561.14297 587.34802 272.83770 507.28793 311.32118 258.80626 721.95837 436.56599 4059.53467 3665.19573 4008.77398 5185.21947 176.90750 207.95928 4969.91973 4349.44422 4583.86876 3754.20512 177.72730 77.30644 4289.75177 4334.53350 3940.12847 4729.27579 204.04732 120.90861 4487.80503 3985.66689 5032.49773 4605.72213 78.38825 121.88448 4167.04673 4511.90278 4690.12627 4649.67132 174.61168 201.11878 4641.64183 4248.40935 4646.75094 4341.37519 150.27213 93.96799 3683.10923 3862.68886 4743.28535 4569.66200 181.92778 221.70444 4569.94278 4275.20731 5055.02532 3920.65112 273.54958 269.21886 4927.59907 5050.05482 4418.16472 4681.88079 116.42321 228.11745 4735.48798 4233.21412 4325.70803 4332.83081 193.31112 137.74496 4641.91707 4584.76838 5044.23073 4518.67195 93.48706 115.16450 4311.05288 5010.77393 5162.74037 4757.45613 239.27796 249.58764 141.75349 155.52013 152.57936 106.84302 254.09644 263.80582 97.91787 108.19885 123.63902 275.21936
0.010000 133.46393 88.80618 212.29081 185.21515 65.86592 270.64078 88.64131 75.59229 82.69115 169.84474 1517.99514 996.15020 1836.92941 1506.59643 40.33808 49.31800 2296.61204 817.91503 1333.68073 666.74362 83.99594 15.30734 980.95228 1440.72626 1085.72294 1301.64649 55.23758 39.86477 757.94880 1683.41881 1222.91172 1825.40351 21.10573 40.64236 1801.67613 1723.84077 2035.40519 1954.81591 29.68428 117.79577 1517.87302 1522.03182 1287.44446 1412.42445 52.57546 34.94708 2102.31489 1654.56483 1176.82554 1408.97934 35.32571 86.75112 2322.94041 1244.33060 1498.63659 2013.94430 99.39404 96.84266 927.28193 1760.12157 1986.49355 1059.47679 53.71730 100.53936 1087.44762 1065.66059 1567.07854 1105.31615 48.93386 43.01615 1765.74806 1752.89756 1654.27061 1111.02375 36.22960 51.61667 1031.19766 1438.14935 1406.15886 1457.35104 99.08581 98.17306 53.27392 60.06648 45.37980 28.28131 57.18516 39.71767 30.43592 32.93659 59.03525 51.76647
0.010000 296.86478 157.54398 397.69280 338.11080 253.56843 494.18619 213.17635 190.45768 601.89797 348.75371 3426.07038 2860.37173 3439.41848 4280.23569 108.06082 160.58369 3585.13654 3130.82228 3187.68402 3951.70307 113.70652 51.23997 3905.16053 3721.50862 3255.33114 2985.10139 180.76453 143.60671 2926.24489 2626.91106 3567.76737 3786.11498 49.30053 63.83494 3298.97277 3318.98900 2876.42826 3403.16592 105.56605 150.75525 2625.60785 1955.13923 3238.17916 3601.40694 113.06832 64.59323 3125.01675 3713.52905 3588.30975 3689.06975 119.85822 130.60099 3522.97542 2541.55178 3465.92683 2939.74198 197.26807 211.74227 3216.64462 4388.07031 3338.03493 3193.93700 89.96990 178.20051 3472.42029 3450.89061 3363.72979 2642.21753 143.46058 115.35589 3486.94837 3696.35981 3147.62059 3438.31827 54.63340 112.77449 3649.23777 2305.84827 3524.06048 2914.63052 187.42238 163.65472 128.21719 109.15691 143.40415 67.39486 169.43957 153.66677 78.10734 67.83240 83.22073 210.11717
0.010000 412.29459 185.75296 363.08138 523.42865 265.81679 481.53685 299.44206 288.53209 552.43445 381.47788 3858.46291 3576.54391 4483.76054 3107.11492 150.26916 201.67254 3579.87276 4175.82462 3846.06559 3047.67754 138.64423 65.67307 3161.46920 3855.84762 4252.57847 3332.22242 165.30504 150.08956 3805.88065 3240.66618 3766.67759 3640.17707 60.97557 99.07640 3991.19524 3719.79277 4472.93829 2915.72462 143.74881 186.75547 3744.14789 3242.14232 4854.09725 3803.02951 125.69583 75.20347 3674.24923 3803.44772 4186.80709 2821.47713 122.82038 135.34413 4027.51583 4110.10277 4460.94310 2868.82160 247.69065 233.16954 3797.55533 4028.38421 4337.33135 3869.91499 127.34073 158.76546 3116.29162 3893.36887 3788.97794 4010.17752 131.42424 111.94625 3762.42188 3614.12368 4297.42335 3722.33466 62.21499 109.25240 3306.48263 3144.63959 3565.84887 3802.99963 218.44254 216.62683 130.54553 155.24689 140.53391 87.96560 200.73832 225.98630 70.43108 78.06450 112.82180 237.51543
0.010000 255.83626 146.85218 316.00425 361.53901 107.95260 375.92075 151.49409 236.18440 379.16517 233.32023 3669.57041 2223.95747 3089.74705 2277.12395 91.66732 138.24438 2432.73771 2668.54782 2905.33513 2405.99784 97.95795 38.37349 2231.80856 2115.78386 3259.53780 2678.01141 103.48172 76.35734 2197.16314 2818.34778 2519.89034 2280.69613 36.09648 63.78308 2844.05585 2188.07127 1708.98061 3243.56965 83.16351 116.89458 2759.84023 2221.87885 2473.03586 2185.89310 75.71564 52.32533 3268.99586 2452.09606 3137.05322 2158.87460 106.06495 114.62627 1831.46883 2499.91951 2129.77508 2349.60749 183.22249 123.54126 2295.20600 3136.01066 2049.90395 2474.95809 63.02448 137.97744 2360.26857 2587.49388 2411.57240 2615.77038 114.29178 88.45612 2269.45050 2021.33194 3158.86042 2743.07558 57.50404 60.06730 2175.77055 3115.36767 2672.02610 2033.97330 147.01489 112.07478 111.32194 100.06799 122.38430 52.31289 79.03365 162.04151 56.06880 48.00859 59.52176 129.26050
0.010000 588.53607 351.23194 707.14480 730.58192 339.78858 626.30409 412.86528 404.35203 852.26914 691.93978 5722.35859 5873.93976 6205.25163 5756.67295 215.88943 273.48919 6142.08745 6367.91279 5790.02240 5586.29841 222.45131 96.67848 5576.61395 5344.80481 6452.03430 5516.76778 279.39942 204.44753 5996.90645 5974.80870 5824.25770 5904.92667 89.80274 154.10440 4941.77532 5579.37645 5584.19459 6259.07926 184.12650 254.09642 6324.09016 5547.84180 4953.76295 5631.32355 220.25287 98.93034 5773.40579 6141.01420 5211.52829 6203.27000 205.45401 232.91667 5556.53662 5919.43807 5992.87382 5651.67311 301.21162 318.38564 6483.00241 6180.86110 5929.37134 6384.72595 166.48083 325.30528 5732.13679 6336.82312 4546.19914 5858.92624 224.65914 183.14850 6248.55611 6404.54521 5900.98809 6126.70666 115.95540 173.71509 5699.80267 5099.35419 5248.09095 6224.00570 315.93673 323.30192 204.08184 223.20390 239.97947 137.08094 279.89257 341.95196 106.97769 118.88510 152.30020 349.15723
0.010000 250.95118 153.38701 259.57795 327.24745 149.97020 307.88230 223.30998 200.06188 395.35739 296.32449 2009.31557 2021.99595 2352.52070 2127.83398 113.15226 134.83048 2649.45539 1769.65727 1830.27794 2673.75314 93.70038 40.95670 2843.01063 3443.69548 2594.38309 2365.36857 125.24857 64.81912 2486.30591 2582.75595 1480.61390 3166.14248 54.87862 64.52503 2568.06820 2258.92032 2731.42483 2820.73697 66.93249 74.69762 2597.20532 2792.53288 2605.72677 3113.63275 93.79024 50.49310 3034.34280 3831.19063 2405.02485 3119.69018 97.47883 103.79919 2536.74867 2092.26400 2573.22349 2187.35979 202.34317 153.42537 2674.83344 2304.84887 2778.83096 3514.34914 50.74076 102.48894 2500.05774 2919.44531 2575.78866 2427.73599 90.52442 91.12081 2491.47548 2696.65352 3093.51983 1817.98299 44.98361 92.86571 2961.93657 2768.36793 2488.81870 2863.39215 135.74426 122.55207 80.24732 104.62866 112.35821 64.94321 133.40973 145.55005 37.92757 46.91969 79.29393 125.34937
0.010000 354.94982 232.22785 345.86731 490.39584 234.51949 456.24290 220.98425 226.45650 528.25659 353.91980 2828.09180 3478.81040 3648.91135 3551.35838 135.61431 194.20563 4149.01217 3646.26288 3533.62507 3051.46237 173.47868 61.01854 3614.73054 3587.18052 3019.92343 3184.35497 161.06814 115.23427 4100.54259 3083.47770 4250.32278 3103.68615 55.10575 87.36554 2757.51558 3621.75774 2727.36005 2897.94330 102.63903 149.30984 3986.93388 3241.05971 3685.44124 3416.28852 108.61506 42.33991 3315.54765 3302.22721 3978.64866 4046.28226 134.76690 149.04921 4060.90909 3864.17654 4024.76126 3983.10464 207.44979 204.59999 3472.77254 2913.74450 3136.83417 3682.66671 90.03535 199.04600 3981.21757 4018.25652 3987.27855 3929.57356 97.22982 114.51949 3385.08263 3227.77253 3454.54573 3557.19536 58.51404 117.10210 3699.56095 3802.07622 3153.39563 3145.17765 218.56270 188.81995 130.06415 159.45843 170.10026 57.15052 150.87679 183.45072 78.32696 68.09554 105.63715 204.46359
0.010000 160.22844 40.89042 103.42331 159.51077 67.43451 102.67974 106.92271 116.91142 165.32574 106.03461 1156.56513 1446.10189 1487.72810 1501.86595 33.39813 76.85313 897.72369 1310.59888 1449.43151 1509.26221 38.30185 20.44126 1104.96368 1849.82911 1032.16189 562.11300 60.89774 24.12896 1532.65499 1663.81337 1071.18435 754.00710 22.08763 15.13641 936.00867 908.89446 1275.96025 1100.90317 66.19178 32.72046 1434.61641 1799.44581 417.39649 1527.64279 50.94834 20.73187 1084.16167 825.98134 1160.92528 1382.02112 44.48303 58.63788 504.19558 494.47269 1823.10974 945.41495 67.48743 114.22725 1246.61217 1398.83506 1511.02973 1713.31527 32.63434 85.10808 355.53174 667.04922 1924.64880 267.85990 43.85228 24.34924 1195.37312  8.01336 865.19378 978.32486 17.89608 24.55508 926.16768 1116.81432 1686.33942 1352.54675 64.51623 89.90255 36.75907 25.78513 58.29852 13.38947 54.43570 39.44969 28.59535 24.45690 30.14124 55.30716
0.010000 408.07817 176.77535 473.04256 456.04143 218.35911 503.65787 242.26052 202.79885 465.23947 480.71750 3233.33251 3186.39219 2933.43498 4390.08671 103.53737 179.97270 3045.22071 4089.15882 2844.21111 3624.38723 142.98062 71.77141 2936.14742 3299.79284 3268.84538 3772.15332 193.63144 125.32918 3154.27389 3130.55548 3640.23453 3092.46445 61.20546 100.30642 3532.94277 3353.12232 3528.47478 3643.50325 98.01561 130.79921 3238.15285 3549.24935 3862.24185 3535.14538 97.69314 60.90521 3974.40349 3031.14304 3196.93073 3539.32144 117.10633 160.95309 3393.85199 3495.62942 3453.82676 3387.39375 187.02760 165.65813 3628.80509 3659.81591 4110.63932 2709.68002 72.29268 188.87460 3313.06811 3249.50162 3215.11891 3601.52825 117.80281 125.42463 2725.15255 2540.62155 4039.17582 3372.68915 66.71292 122.35645 2978.01168 2937.26808 3328.51013 3473.38218 169.00245 166.89848 131.96388 125.11581 145.75466 87.93909 196.26885 185.51928 55.73075 77.20212 91.19218 177.04612
0.010000 502.48000 278.45840 611.20209 659.12999 313.60520 618.11553 355.32854 344.62033 756.27875 520.84598 5498.05132 5237.06137 5238.78046 5059.22094 204.27434 239.93114 5684.10928 5565.60086 4540.83363 4121.11654 239.85509 80.28152 5020.82105 5764.65676 4802.13894 4943.24569 278.92665 179.74573 5725.62211 4066.87486 5028.14693 4135.05120 83.73867 123.18561 5510.94570 4827.86601 4616.04349 5686.24289 189.53780 205.79814 4495.17756 5336.37051 5169.45922 5313.50399 171.62947 80.22886 5108.37117 4914.94758 4747.12631 4434.25878 212.62615 211.01719 5271.89154 5121.27617 4497.59097 4243.42641 325.96935 291.13859 4994.93442 5217.37506 5060.10251 5239.45781 134.43429 266.01295 5329.91258 4636.08635 5325.67893 4982.50448 178.10458 178.02953 4948.05652 5444.18157 4894.50617 4366.19910 107.84922 162.05801 4357.31396 5179.84687 4881.25250 4787.33283 345.08043 264.06049 160.76345 177.84089 182.06215 139.83831 257.29248 234.26451 100.84612 95.22378 135.98814 295.37434
0.010000 346.85868 193.62662 474.59059 494.47764 302.91724 567.44523 314.70313 278.16060 609.77897 417.38461 4644.17641 3839.69261 3978.36516 3794.76818 161.92459 203.75418 3938.31414 3887.25249 3577.59799 4141.11242 211.33011 78.10726 3437.36821 3935.55021 3822.30602 4265.98418 219.61680 116.41174 3988.26474 5201.83012 3978.75423 3901.13638 58.19315 91.28536 3851.02593 4492.77314 3396.18067 4394.50360 145.55236 177.20933 3180.22987 4485.86147 4932.44002 4029.00431 141.42578 80.58992 2975.93684 3827.74145 3854.43607 4258.11748 137.64166 182.10276 3846.17743 3645.84687 3770.84020 4429.39233 199.28057 223.44995 4396.55543 4315.90013 3743.58404 4738.61555 115.87729 180.66811 3993.40127 4710.06714 4119.15783 4041.58610 142.99132 128.46701 4112.75586 4441.59477 4279.84718 4000.76272 66.16976 108.35103 3727.42854 4246.35683 3502.59419 3461.27702 179.22478 220.18030 137.06935 154.02406 135.81289 89.45419 173.45328 187.58994 70.95261 96.62537 96.32135 220.96721
0.010000 111.19206 89.44456 156.21849 137.28820 108.38115 172.29315 59.70926 94.38244 237.24536 65.60501 1779.84304 1433.31481 1001.12534 1172.49482 21.23221 58.64323 1480.24748 856.54514 1314.73644 1484.04070 47.24629 23.91118 1510.58236 1374.87138 1354.46952 1180.16053 56.40958 33.07488 1559.97165 1438.70148 1503.64336 1062.98405 14.84058 38.19718 2194.89564 982.04621 1083.11743 798.12060 35.66019 61.13669 375.11718 501.54671 336.85874 897.65825 22.64355 23.01341 1631.69885 1179.41733 1038.89368 816.47782 22.81330 62.18696 1683.77910 1641.73059 1489.04042 549.55499 24.02755 79.74495 1153.22329 947.18417 898.99032 1430.64605 12.30892 41.35135 921.67939 1834.06455 115.42913 1219.20651 41.75923 61.52046 982.87365 771.59105 721.30414 666.72878 12.60595 48.92373 1467.75039 2294.60856 1555.66148 1578.46056 56.83551 71.13372 28.36616 53.58245 24.23317 40.94159 39.60670 94.83915 21.36049 15.97057 31.48551 101.97317
0.010000 599.06047 296.96660 682.27036 768.44682 362.35492 765.93350 410.67406 360.12648 803.52078 547.58130 5100.88677 5818.08953 5031.77786 5505.10688 223.49367 251.26268 4626.30082 5592.05167 6104.98345 4776.42865 256.63106 99.92154 5246.86572 5988.28964 5467.85540 5855.63476 274.72825 185.81779 5573.49173 5419.85024 5268.06245 5948.29420 95.16842 135.34887 6141.40488 6196.20858 5308.88325 5616.72085 194.30780 235.96213 4769.75641 5927.33500 4934.88690 4958.40009 196.58927 106.35825 6053.76512 5462.10998 6038.79492 5421.46962 193.70313 248.26806 4837.64524 5114.28309 5934.75412 5551.77697 312.25800 261.43066 6274.18047 5186.33481 5678.64280 5786.51925 138.20701 303.90119 5549.85232 5345.77008 5451.92159 5607.52152 195.16265 180.58313 5932.01729 5983.21298 5303.34468 4966.17292 111.09838 159.03942 5778.68239 4740.72268 6122.67612 5020.32762 317.05148 280.26158 201.65614 222.90029 216.07501 115.47958 306.01801 318.85017 116.50337 103.67354 166.10587 382.25796
0.010000 367.05018 238.22510 478.63201 509.40981 249.68514 672.08601 306.53627 286.66352 614.39412 432.24723 4211.59496 4859.10090 4275.59996 5216.77597 173.97266 212.50697 4078.11449 3422.33371 4130.44165 4225.40797 193.05385 73.98594 3511.22438 4304.86315 4300.53038 4356.80067 248.61283 139.73156 4452.31759 4097.73027 4288.11816 4535.69635 62.48534 107.63413 3803.40521 3554.72923 5264.01194 4425.67430 148.02434 225.33907 4863.00374 4088.02830 4276.00521 4444.53230 145.78806 81.68041 4251.82081 4826.72523 5105.08888 4247.71079 153.88788 156.07203 4268.63492 4177.29138 5014.23247 4790.62819 268.53195 250.16633 4929.13612 3346.42372 4341.22526 4860.20358 112.48443 228.32886 4203.94216 4255.38245 4457.00478 4884.87840 184.48271 138.50440 4021.57576 3564.33644 3864.74723 4347.97744 104.19845 146.07921 4573.63172 4538.91209 4551.90152 3856.14440 247.13409 215.04310 148.38880 176.41859 177.88986 111.62922 200.43325 231.87869 84.35923 101.15948 111.79708 290.01985
0.010000 451.96209 243.50975 510.84167 507.75079 229.07961 612.68866 274.04792 259.01068 499.32997 431.83688 3695.83840 4730.00462 4089.70822 3730.47202 185.63407 220.01817 4622.68003 4277.62402 4214.90898 4626.62323 181.56074 71.99215 4287.84749 3935.03440 4630.48566 3920.64707 222.05728 143.11106 3811.56752 4106.23080 4819.37599 3663.17664 72.21520 98.67909 4828.96587 4280.15133 4997.49095 3822.41182 139.26931 152.41104 3691.53785 4500.68029 4381.61283 4301.10641 154.45137 79.89337 4076.97267 3833.50253 4364.60213 4323.39293 164.00064 176.28791 4605.35805 4840.99148 4227.61119 4132.55919 259.69695 260.32562 4563.72475 3982.18446 3107.39601 3976.79445 111.47225 266.72584 3904.45346 4023.05784 4438.81648 3209.52699 203.67075 139.02266 4165.63602 4618.98273 4099.48610 3592.37306 80.82622 136.85975 3593.15031 3763.18208 4322.12108 4347.13456 192.30450 238.37708 142.18236 196.78262 161.77135 84.92477 206.00524 239.71885 75.66329 75.12952 85.90637 235.13785
0.010000 561.77156 292.04776 576.95554 623.07445 303.42195 692.08440 332.73286 338.57802 844.92596 468.22006 4959.84760 4699.23937 4131.17642 4153.89153 180.17848 241.32888 4058.45632 3875.55222 4591.16876 4374.41085 183.51644 70.93515 4828.66617 3835.47729 4839.57672 4008.77185 273.44542 176.56283 4560.38536 3849.13024 4713.36464 4278.79566 80.44478 116.17300 4334.50484 4731.81752 4667.40820 4840.66079 164.47137 204.01438 4637.13820 5114.77586 4576.49885 5111.87069 175.98037 85.13471 4062.33367 5874.32863 4113.10271 5018.48393 158.44171 210.57000 4582.86942 5151.82088 5165.90482 5020.21495 249.87586 198.65837 4579.26077 4804.29239 4836.63818 4575.56153 117.92127 241.97298 3755.24811 4615.96061 4839.10776 4137.67053 178.97643 160.83928 4148.12001 5116.27351 5131.32513 4801.63261 105.43489 133.62144 4324.08234 4884.02335 4520.57098 4559.99552 291.09719 272.79420 145.95856 179.68841 180.61382 106.80714 218.82057 227.35104 100.61448 93.82965 111.93461 291.72856
0.010000 420.82030 258.19923 453.13067 504.92520 290.21099 576.79271 309.72978 305.84229 581.31927 424.64048 3864.43600 3601.16252 3534.35494 4160.12036 175.93173 183.30780 4036.95776 3444.11399 4264.59829 3489.23342 145.40149 62.87270 3630.23208 4318.84482 3599.47749 3843.64104 178.76837 163.84052 3437.83898 4958.05495 4130.38351 3845.20365 61.77741 85.17511 4493.95940 4948.01930 4428.22020 4044.95952 155.59432 187.21274 3836.71717 4168.78191 3668.12301 4511.44560 117.44732 53.52831 4847.96067 3624.51538 3633.92462 4419.01000 151.78541 160.79799 3864.28704 4177.70765 4304.26946 4569.64876 242.42333 222.41906 3930.00916 4236.84838 4229.92583 4076.22806 96.55622 207.88746 4843.70524 4185.04340 3800.82365 4963.94462 173.11850 112.24313 3925.22907 4488.79672 4234.16885 4079.16352 74.77614 117.70460 4145.20632 3918.22147 4543.63126 4408.33421 242.90975 273.58743 131.31142 138.69400 162.16326 95.34963 189.99389 204.41138 77.89409 72.42016 94.17026 225.31276
0.010000 342.79855 191.34564 477.17596 392.70506 151.81165 528.90297 208.46578 228.38723 561.95642 277.39711 3791.67188 3353.80885 3221.82927 3246.96149 150.35143 165.19321 3982.35020 3331.52705 3360.20370 3729.06158 155.80679 62.62057 4027.84777 3220.36603 3565.96943 4222.31707 164.44980 126.65618 3495.50832 3429.67650 3010.30061 3321.77044 62.46414 82.02356 3432.25928 3537.15498 3742.74130 3647.84214 142.10046 173.22704 3188.17488 3684.42197 3431.15015 3124.30936 108.66483 58.30038 3148.99197 3201.95770 3461.45393 4224.90414 153.02435 155.88279 3146.84272 4190.35894 4395.56101 3853.94527 189.23975 203.87363 4327.72992 3994.16580 3778.92404 3609.64365 102.41108 134.90304 3533.03736 3015.40108 3546.10270 3329.04778 136.80170 118.32425 3336.25971 2703.83020 3453.78336 4135.11237 60.00766 97.07872 4236.16233 2633.19431 2955.87586 4089.49711 226.11408 155.43573 114.79634 140.09621 146.63308 94.53810 178.50374 187.20967 60.34156 55.11599 112.86887 157.92592
0.010000 292.51111 157.07254 358.27949 402.01568 155.69932 409.77855 169.11100 144.51864 429.59921 261.36339 2821.55290 2442.49623 3638.77278 2449.33053 102.24147 125.35930 2776.65540 2951.54385 3402.43924 2365.70843 130.48792 46.89657 2259.99444 2825.99690 2951.19423 2889.47336 153.91533 100.77395 2409.04811 2359.91951 2303.33974 2783.59048 34.14468 54.25881 2776.67359 2563.68630 3125.04567 2377.81338 113.37916 83.51915 3131.18965 2478.22568 2422.06826 4086.99322 103.68540 62.53203 2572.53715 2597.06912 2583.54345 2593.89331 125.98355 145.59025 3007.98321 2415.88616 2457.41452 2918.81159 79.73326 147.49614 2756.57816 2287.28162 2487.18193 2866.19744 60.33721 95.58662 2974.89809 3596.02450 2681.96919 3034.49461 111.78322 67.11455 1906.55311 3082.38260 2871.92180 2320.63250 57.77589 89.29561 2053.37793 2184.00142 3262.22274 3078.24423 169.68525 134.20766 103.37270 100.17861 138.98888 54.98620 134.22442 154.24934 49.60516 51.22158 91.71328 156.11771
0.010000 350.90849 174.24778 360.13684 328.03350 225.85424 352.39411 206.11142 203.90216 435.24483 240.93665 2921.96470 2463.56618 3869.14237 2171.61420 111.90388 137.29977 1668.66228 3326.54608 3500.53803 3181.33532 135.70171 67.98244 2816.38661 2541.01188 3215.52092 2533.76691 173.78720 83.69090 3266.04621 2603.10665 2587.18811 3296.11774 44.27668 67.32162 2973.66436 2548.68114 3825.22785 3457.13043 76.88938 130.78442 2820.98002 3092.77133 2486.04253 2811.88475 100.05809 43.50563 2925.10190 2686.35785 2572.04933 2403.88042 112.54216 158.96023 3774.11615 3006.07430 3721.41712 3216.07928 168.31827 158.87311 2751.79140 3319.42884 2680.17073 3302.94933 72.48461 199.12577 3717.18458 2980.09789 3156.68023 2691.66516 115.74653 87.94987 3246.41244 2673.05025 3399.46817 3247.90949 55.47889 98.60613 3480.45587 3060.20511 2425.35158 2575.77391 172.48817 177.26715 106.30195 93.20004 124.76454 87.87256 168.67071 129.62709 63.89000 58.88884 81.30579 160.93147
0.010000 326.41608 231.00834 324.25336 350.03033 218.99815 391.61679 226.99449 209.96893 495.65863 323.78515 3176.51018 3011.27104 2885.01058 3002.00635 135.85466 135.07912 2875.68806 2924.79903 3456.14096 3753.51409 148.82167 52.30010 3501.78233 4207.99176 3205.97909 3866.41574 188.46750 101.94192 3303.31937 3191.22076 2928.69878 2371.13776 48.32138 96.66606 3598.72444 3965.45372 3018.93360 3345.37824 122.27585 125.01170 3434.20767 2630.75722 3844.61274 2660.69654 149.84789 48.33460 3568.38666 3488.69013 2370.64400 2535.61565 96.72390 132.51565 3388.36941 2487.18542 4050.62249 3451.01627 172.26038 206.71045 3445.81990 2691.30481 3118.11479 2086.26491 95.00959 165.33624 2473.37394 3538.18351 3143.98564 3315.47974 144.67338 106.85236 2896.86958 2867.44376 3479.13558 3374.00615 72.55789 74.27538 3099.89324 2990.01956 3239.79967 3554.59108 188.56381 168.06318 139.86799 128.98294 139.06629 75.61241 168.23889 161.27549 69.32472 65.31956 90.04931 181.17152
0.010000 201.93677 69.63422 221.77984 129.04205 116.68140 128.70841 142.36350 106.87783 296.29799 132.06418 975.65419 2150.44372 1025.41169 1808.72592 83.58368 64.96230 1745.15492 1167.08081 1135.90199 1208.97215 66.86151 23.62635 1664.10762 1976.81285 1893.47871 831.52661 105.25153 41.06966 2111.02228 1603.00102 1967.57836 1609.39923 21.47516 48.45386 2308.95413 1172.11525 1866.33142 1985.93945 52.41978 98.83385 1929.16727 2097.50309 1576.78383 1590.86400 64.79199 21.52874 981.47947 1493.89890 1654.98059 1108.96938 68.45393 96.76553 1861.79796 2068.82309 1346.60532 2212.47844 79.99742 99.09567 1475.91104 1868.95518 1799.72198 1856.59224 56.70796 53.73576 1521.87095 2055.51890 1132.61936 2106.20464 73.66583 56.80643 2087.42538 1637.23484 1653.92463 2239.55941 31.92799 66.78990 869.23200 592.01506 2709.19041 873.36763 83.40625 70.42498 68.63626 50.75875 77.50910 45.63277 76.29956 120.01395 25.90440 23.99485 31.01372 84.63849
0.010000 387.36032 204.50193 268.39875 509.04181 184.74991 504.31391 202.14128 206.77037 330.09758 327.84392 3486.23991 3415.49218 3484.81952 3318.03988 118.11032 120.38291 3224.14654 2879.45651 3001.70249 3376.59413 129.40072 54.30818 3452.89353 3392.21696 2932.71539 2945.24001 196.09244 99.36394 3302.20480 3354.83383 3579.47679 2790.09933 50.04889 88.06029 3229.14648 2737.29906 2417.49108 2159.88195 128.23100 131.54863 3778.32211 3190.53870 3279.23292 2879.20263 92.89321 59.73771 2953.98047 3215.84778 2754.61001 3032.75179 122.06643 115.25276 2921.87573 3102.60280 3149.60672 3453.50318 150.74187 148.40696 2718.64643 3698.00685 3704.75500 3608.48502 93.87439 187.97397 3422.90247 3476.36708 3413.69466 3176.38414 155.99618 118.76665 3321.93552 3255.53534 3970.76026 2874.40081 65.63395 106.71769 3697.23391 2694.89501 3348.02094 3128.57238 136.26356 181.51825 74.12821 87.26239 126.61426 81.35933 161.16467 170.21265 52.29704 63.65534 107.34436 201.11930
0.010000 570.06001 265.25631 534.81191 643.53249 334.81302 643.24843 365.29127 327.66453 723.23917 540.94732 5130.07821 4961.31873 4479.46734 4604.42498 209.45513 243.21390 5678.30485 5273.39121 5063.06108 5894.72840 226.40292 87.06410 5766.44812 4904.98636 5048.87450 5788.55494 267.11539 167.20756 5168.72269 5276.25411 5111.83672 5009.19195 94.31210 122.28844 4571.67659 5158.24308 5344.10366 4963.55083 179.76570 250.08827 5043.14699 4744.17897 3935.72317 4937.48435 189.29824 85.35889 5854.24062 5162.62964 5118.98378 4640.14986 200.48452 212.03396 5849.03357 5220.74168 5108.70458 4745.08919 310.15246 234.16004 4888.89164 5305.60023 5545.76306 5212.06765 138.85864 210.54322 5569.75305 5802.77874 5863.38274 4399.23462 223.19841 157.12061 5556.83303 4979.87084 5786.72897 4960.42853 106.97298 149.74283 4447.92818 5230.07459 5340.88985 3748.34949 271.67530 274.48000 183.01349 208.25147 207.78208 109.60587 259.55394 273.55535 99.82955 107.83227 148.18556 283.46449
0.010000 143.06472 131.91645 217.82832 232.94457 155.01670 215.13267 146.53978 127.96635 232.82739 202.04006 2128.37861 2629.78815 1524.98857 1881.26552 98.16481 141.40676 2371.80434 2181.99915 2784.47112 2301.57533 86.69391 27.78857 1725.71310 1984.75716 1849.28524 2130.07668 114.52961 70.89674 1560.95769 1668.02788 1668.12940 1978.08565 15.39523 52.01041 1280.98351 2458.64414 1803.31460 2127.47443 74.36112 83.13831 2534.36716 2648.41956 1810.68158 2547.63730 68.51370 34.20802 2177.54302 2857.55067 2712.09349 2084.73995 57.19697 126.22464 1956.49858 2729.27541 1658.44302 1186.92020 118.18033 132.39828 1862.65891 2421.49883 2433.33281 920.93781 35.32262 109.83155 2148.83652 2163.06273 1629.56057 2264.70216 84.02120 50.97106 1988.04314 1599.10613 1457.75262 1918.32800 34.47893 46.26672 1961.41854 1722.37018 1442.44150 1386.22130 69.44326 95.15962 38.98939 65.98308 66.99275 55.30101 127.97343 100.12689 38.97707 38.33461 64.71336 105.85802
0.010000 330.53700 179.83481 391.42116 522.74534 240.11283 431.64006 276.06978 182.85154 470.87143 336.19434 3306.37451 3240.16476 3304.77968 2740.95814 116.68320 173.81036 3344.61540 2759.06081 4157.56118 3436.78563 140.70993 55.21671 3870.56976 3414.69203 2702.08425 4109.06917 155.44883 133.21829 3447.02136 2907.76873 4411.01651 3634.12510 56.35056 72.50560 3045.33981 2521.45340 3189.68782 2974.41366 105.63772 142.82812 2687.99618 4468.93012 3704.48602 3547.87857 133.46519 59.00956 4353.59226 3786.00721 3258.10084 3287.47821 126.39033 196.64362 3002.28765 3628.41686 3545.39951 3804.91448 202.24991 214.98537 3776.77226 3624.14098 3573.67412 3880.58587 116.58334 202.82878 2919.82381 3523.70546 3414.68989 3647.45918 160.19663 121.40196 3956.51628 3678.44243 3364.56536 3641.13623 64.39821 107.11126 3316.86868 3380.41282 3352.02618 3895.98679 210.74583 167.51828 137.18437 130.12775 128.45544 94.52575 135.29955 209.45206 64.09534 77.54052 107.12363 215.42883
0.010000 416.54106 245.62737 433.21408 537.33201 229.12610 624.77175 340.47786 232.57724 539.64573 400.12946 3981.98217 4174.37002 3359.30921 4154.81681 139.37035 144.05932 4253.94462 3889.42108 3668.21005 4301.73676 166.17556 68.94491 3810.03102 4102.74883 4190.46398 4083.69254 207.31083 126.93003 3957.83839 3862.41887 3530.85233 3124.58663 63.59334 96.41270 4072.05191 3722.08782 3633.86381 3967.99500 103.77435 141.66745 4122.01870 3630.97963 3822.64757 4569.27845 139.50033 68.97431 3171.86731 4041.82126 4021.57031 3928.47973 152.16483 191.87151 4651.69311 3646.72061 3680.88327 4256.36673 268.28337 228.97251 3762.06319 4793.91634 3302.52384 4200.62557 105.60140 199.95030 3723.03881 4348.75880 3728.46759 3950.33504 130.58379 111.75893 4210.38429 3570.14384 3297.45859 3736.61123 84.16128 83.63811 4111.50725 3469.01068 3547.15132 3835.04458 264.71588 255.62878 154.31084 145.35855 142.74282 99.49701 182.26022 266.89703 74.73006 80.77492 112.36296 236.61751
0.010000 175.42549 82.54722 110.86365 157.69146 135.05108 107.92007 77.72616 112.96457 208.87263 120.24934 1171.64931 1315.56793 1039.62324 1497.89208 29.99891 51.36257 898.98216 1239.48975 1479.73002 1324.63743 84.29935 29.35341 831.12582 841.63454 1884.88137 1110.96604 41.99981 50.04861 426.44301 1459.44845 1826.66939 1359.72740 18.93162 30.05438 1037.86179 1468.46865 1658.37530 1114.25389 31.64017 51.33864 1542.53957 956.59806 1838.47888 714.43178 45.25970 19.93442 481.44606 1970.99433 1436.25217 1877.67007 61.32909 65.74220 1061.05037 1344.32954 970.41276 1385.84029 107.66213 85.52256 2280.06996 1109.35727 1011.67674 1077.88802 46.45867 53.83282 1385.74814 1538.36373 1459.19227 1000.84341 84.35667 59.78041 849.13814 1830.03495 1761.10678 606.75663 31.12536 46.74056 1613.22916 1481.27570 1394.38418 825.47197 127.10207 79.34057 42.84130 40.28888 34.14314 29.19708 92.52685 87.03662 21.84939 11.23023 59.15768 39.10641
0.010000 189.21259 129.09437 253.68680 308.31111 113.79418 247.75467 171.88591 174.00582 371.31192 221.94676 3003.93661 2047.66344 1664.20248 1541.73570 49.73847 130.79613 2316.93754 2163.97670 1672.43487 2092.17356 91.76307 39.03062 1789.65862 2985.94648 2742.97293 2729.62910 138.28121 69.03334 2719.16228 1952.56261 2988.31645 2962.08012 52.87677 37.52421 1844.32604 3087.66721 2681.45629 2344.75400 94.71277 102.12575 2318.17127 2145.04398 2416.80195 2240.84868 76.30240 43.33922 1679.30596 2335.70724 2084.04812 2524.38100 81.74023 127.34921 2844.55962 2404.47988 1944.86485 2139.98894 113.99969 113.76656 2287.10074 2187.02220 3045.46757 1631.46008 84.40474 160.48340 2978.79896 2601.16767 2356.24163 2525.22187 67.79289 78.03296 2289.60964 1647.55852 2357.65510 1901.75143 58.46841 70.82343 2757.65216 1918.06389 2971.30605 2572.10496 107.70320 147.69486 83.60200 102.49712 93.05802 47.43838 92.17608 135.38508 41.64179 35.67166 52.39758 140.06066
0.010000 546.57451 264.11350 560.35227 577.02043 336.14461 574.64981 366.85273 337.57836 808.72586 528.84036 5318.57990 4711.37493 5439.35115 5429.57426 181.88550 265.27068 4610.38255 5002.01910 5333.43820 4693.48882 200.22652 72.87453 5279.06983 4483.51213 4328.08389 5517.08371 244.38064 168.22574 5446.41534 5216.87590 4786.97717 3822.37659 87.84659 119.67953 4878.48290 5846.57140 5366.76100 4565.35236 187.80120 234.41689 5387.01618 4937.62583 5233.80929 4776.53895 189.76458 98.47617 5649.69627 5182.76050 5448.18069 5044.77873 194.69266 233.02312 5528.86241 4593.96361 4654.40180 5589.17514 251.64153 308.17537 5190.99042 5044.27568 4250.45663 5071.01447 125.15682 262.62626 4883.90126 5330.71241 5365.62375 5059.23559 187.40753 183.72480 5767.88850 4937.51925 4943.28238 4735.64806 119.81319 175.02422 5311.05483 4709.60928 4640.64622 5041.24986 308.39333 255.13762 162.83427 169.39356 196.32383 116.43170 249.71637 282.34636 78.28908 102.69166 131.10615 273.57595
0.010000 661.12914 341.63196 683.31954 684.75523 376.83529 745.11762 431.48268 361.88612 867.30131 553.93413 6157.04092 4837.33096 5386.16451 6350.15748 234.01680 260.52382 5917.39335 5903.25529 6081.91097 6221.58119 225.13617 97.75743 6043.72583 5827.26095 5369.33573 5504.61593 280.25748 187.73915 5466.97747 5721.04944 6030.76537 5236.85989 93.24542 131.02109 5342.92447 5347.49217 5847.45534 5349.88027 182.46562 269.50252 5704.19705 5815.37365 6134.61226 5358.76702 192.25658 116.87455 5369.75878 6404.10219 5010.81853 5117.77002 237.11156 264.00801 5484.74130 5528.69078 5284.39492 5312.26302 329.49372 287.10053 5172.76160 4539.86417 5500.17364 5551.22824 160.71983 295.26885 5136.76063 5030.70571 5486.87137 6315.58564 199.97767 155.49539 5635.36184 5613.79101 5533.51798 5541.49121 95.06979 188.12916 5701.97254 5932.74723 5703.29840 5757.10258 295.30719 321.73760 202.57885 228.15950 244.21140 139.58082 284.87289 296.78920 110.20609 106.44338 149.10622 285.74560
0.010000 279.18357 161.27407 336.44984 308.92929 141.82910 348.37489 149.73479 179.14685 339.30010 288.29388 1933.14534 2780.74295 2131.09939 2718.25029 111.85130 83.00714 2377.32984 3053.52720 3275.08973 2562.48325 120.97229 49.68134 2438.81129 2971.43305 3085.53660 2522.41569 112.85769 89.95673 3033.60795 2432.34833 2715.43914 2710.85568 37.53170 30.12864 3241.84907 2561.95325 1692.35332 2388.79189 91.32399 151.34806 3377.15410 3233.60095 2740.14675 2413.62849 100.40944 57.86690 2774.98089 3142.36021 1701.12966 2992.65344 104.88932 100.19040 2742.61198 2733.33047 3011.24062 1763.57548 157.75026 140.57691 3011.14830 2784.97695 2537.03889 2452.28425 79.82011 124.28060 2863.79609 2886.21099 2207.61291 2555.97804 101.16146 100.99942 2595.86452 2079.79723 2346.63568 2202.68707 52.36534 86.04930 2501.21589 2772.12222 2029.59151 2419.80379 170.14420 152.00373 101.47981 88.28336 99.31707 50.08215 140.89402 93.36630 32.33436 63.70700 53.38767 178.59909
0.010000 213.83084 78.92061 181.05647 138.37903 74.38109 182.04549 146.57272 89.73459 155.38031 115.31969 1318.37317 892.99978 1040.67205 1406.25089 34.30415 75.74923 946.69319 951.71809 1007.74872 1420.71931 54.77881 23.48156 1172.62606 909.72729 1117.59534 2058.72364 101.19179 21.54706 769.82214 932.47834 1755.67102 1264.32236 12.24648 18.71409 1228.30210 483.61885 680.74864 1932.33566 60.70359 64.75416 1203.43219 1346.04164 1314.92248 1056.18878 66.67983 16.30591 2174.26947 962.88152 2134.71737 1819.74253 64.35472 49.03041 1609.87460 1526.99280 1858.17958 881.30709 91.53126 87.31145 994.59733 425.21293 989.76037 1063.64680 39.62354 39.31905 1272.57002 1207.49599 1239.85098 1451.06215 22.76237 63.87294 1138.81805 2115.45748 1958.14395 1318.86200 19.75131 29.15316 1011.11886 623.94807 1129.55155 1387.33255 75.29159 113.04355 27.60741 29.96116 75.63231 22.09601 73.13353 95.02114 21.70953 30.80425 25.02141 92.22262
0.010000 309.70541 184.81370 338.59255 381.86181 220.81919 484.13285 269.64847 231.68578 465.15886 262.41281 3194.97017 2836.21730 3650.42547 3044.09915 134.33356 156.01738 3623.52192 4103.72063 2343.21030 4080.27972 155.18110 37.90198 3346.52627 1988.83653 3282.78899 2876.55040 169.99413 106.58606 3265.35229 2807.52877 3740.37413 2862.58412 40.82046 78.68209 2848.68943 3493.85580 2916.80552 3819.80631 125.76773 127.89519 3252.04001 3079.43792 2999.29969 2811.72861 114.84363 65.02510 3358.65596 2820.94000 2241.72319 3467.13078 96.83062 181.40060 2861.54491 2897.73771 3545.20499 3701.79995 241.99310 168.14402 3269.79255 3042.72051 3605.95268 3820.46574 88.66504 147.84666 3321.91353 2994.27916 2921.50244 3689.26913 129.49875 105.96278 3584.11068 2876.66311 2909.50400 2685.76414 70.72610 118.43180 2956.62671 3093.50572 3654.55778 3700.46014 185.52331 172.58183 111.75884 135.00293 123.24434 64.27809 210.47127 170.47971 59.91866 58.39344 95.46318 232.35399
0.010000 486.25507 249.53940 430.99950 502.80211 259.76918 460.58307 332.99277 328.90310 579.29823 381.48771 3543.71728 4013.57618 4323.08492 3984.50230 130.96632 181.77669 4335.50787 3491.34118 3729.55426 4573.29389 142.68377 77.98457 4113.26675 3816.83848 4261.49841 4607.79961 204.22114 156.26951 4195.51278 4306.00625 3403.35875 3831.84884 63.04716 97.22293 4873.76916 4465.02167 4484.62168 4461.62669 155.97502 175.41992 4402.36981 3796.59125 3672.74060 4016.91181 138.33066 72.90610 3867.37043 3780.81970 4013.98242 4158.06098 169.43411 191.56598 3940.44383 4239.73525 3772.78497 4204.72451 277.71173 223.18788 4329.94274 4119.23590 4180.18131 3957.09298 116.42897 259.27383 3925.93463 4061.30877 4523.44863 4735.94420 151.82977 144.03664 3180.53480 4793.51775 3222.75560 4234.56850 76.74166 136.18049 3712.62839 4050.57695 3756.20660 3799.63654 190.62147 169.45193 149.67718 142.89355 151.69597 86.67028 199.64296 225.11494 78.54707 93.71111 123.95946 242.76249
